5.500000000000000000e+02,2.046000000000000130e-04
5.540000000000000000e+02,2.716999999999999906e-04
5.580000000000000000e+02,2.112000000000000108e-04
5.620000000000000000e+02,2.002000000000000144e-04
5.660000000000000000e+02,2.552000000000000232e-04
5.700000000000000000e+02,2.562999999999999957e-04
5.740000000000000000e+02,3.663000000000000132e-04
5.780000000000000000e+02,4.048000000000000274e-04
5.820000000000000000e+02,2.640000000000000202e-04
5.860000000000000000e+02,2.915000000000000382e-04
5.900000000000000000e+02,3.652000000000000406e-04
5.940000000000000000e+02,3.475999999999999923e-04
5.980000000000000000e+02,3.729000000000000110e-04
6.020000000000000000e+02,3.069000000000000330e-04
6.060000000000000000e+02,2.496999999999999979e-04
6.100000000000000000e+02,1.870000000000000189e-04
6.140000000000000000e+02,1.649999999999999991e-04
6.180000000000000000e+02,2.981000000000000360e-04
6.220000000000000000e+02,4.124999999999999977e-04
6.260000000000000000e+02,4.807000000000000292e-04
6.300000000000000000e+02,5.225000000000000694e-04
6.340000000000000000e+02,6.006000000000000704e-04
6.380000000000000000e+02,7.468999999999999945e-04
6.420000000000000000e+02,9.086000000000000760e-04
6.460000000000000000e+02,1.065900000000000051e-03
6.500000000000000000e+02,1.166000000000000153e-03
6.540000000000000000e+02,1.301300000000000026e-03
6.580000000000000000e+02,1.530100000000000167e-03
6.620000000000000000e+02,1.757800000000000118e-03
6.660000000000000000e+02,1.983299999999999907e-03
6.700000000000000000e+02,2.108700000000000244e-03
6.740000000000000000e+02,1.897500000000000098e-03
6.780000000000000000e+02,1.658799999999999988e-03
6.820000000000000000e+02,1.463000000000000108e-03
6.860000000000000000e+02,1.321099999999999965e-03
6.900000000000000000e+02,1.298000000000000109e-03
6.940000000000000000e+02,1.206700000000000004e-03
6.980000000000000000e+02,1.003200000000000099e-03
7.020000000000000000e+02,8.041000000000000838e-04
7.060000000000000000e+02,6.633000000000000224e-04
7.100000000000000000e+02,5.324000000000000390e-04
7.140000000000000000e+02,4.631000000000000351e-04
7.180000000000000000e+02,4.389000000000000431e-04
7.220000000000000000e+02,2.574000000000000224e-04
7.260000000000000000e+02,1.627999999999999998e-04
7.300000000000000000e+02,1.638999999999999995e-04
7.340000000000000000e+02,1.595000000000000009e-04
7.380000000000000000e+02,1.485000000000000046e-04
7.420000000000000000e+02,1.045000000000000058e-04
7.460000000000000000e+02,1.452000000000000057e-04
7.500000000000000000e+02,1.419000000000000068e-04
7.540000000000000000e+02,7.370000000000000249e-05
7.580000000000000000e+02,4.840000000000000416e-05
7.620000000000000000e+02,1.650000000000000127e-05
7.660000000000000000e+02,3.410000000000000216e-05
7.700000000000000000e+02,8.359999999999999918e-05
7.740000000000000000e+02,7.590000000000000175e-05
7.780000000000000000e+02,8.799999999999999771e-05
7.820000000000000000e+02,1.034000000000000061e-04
7.860000000000000000e+02,1.001000000000000072e-04
7.900000000000000000e+02,8.359999999999999918e-05
7.940000000000000000e+02,8.249999999999999955e-05
7.980000000000000000e+02,8.469999999999999881e-05
8.020000000000000000e+02,3.850000000000000069e-05
8.060000000000000000e+02,2.530000000000000171e-05
8.100000000000000000e+02,1.177000000000000013e-04
8.140000000000000000e+02,1.914000000000000174e-04
8.180000000000000000e+02,1.595000000000000009e-04
8.220000000000000000e+02,1.496000000000000042e-04
8.260000000000000000e+02,1.671999999999999984e-04
8.300000000000000000e+02,1.397000000000000075e-04
8.340000000000000000e+02,1.375000000000000083e-04
8.380000000000000000e+02,1.474000000000000050e-04
8.420000000000000000e+02,9.680000000000000833e-05
8.460000000000000000e+02,1.144000000000000024e-04
8.500000000000000000e+02,1.771000000000000222e-04
8.540000000000000000e+02,2.035000000000000133e-04
8.580000000000000000e+02,2.310000000000000042e-04
8.620000000000000000e+02,2.706000000000000180e-04
8.660000000000000000e+02,3.146000000000000033e-04
8.700000000000000000e+02,3.431999999999999938e-04
8.740000000000000000e+02,3.377000000000000227e-04
8.780000000000000000e+02,3.190000000000000019e-04
8.820000000000000000e+02,3.861000000000000066e-04
8.860000000000000000e+02,4.851000000000000277e-04
8.900000000000000000e+02,5.071000000000000204e-04
8.940000000000000000e+02,5.511000000000000057e-04
8.980000000000000000e+02,6.237000000000000356e-04
9.020000000000000000e+02,7.029000000000000092e-04
9.060000000000000000e+02,8.580000000000000387e-04
9.100000000000000000e+02,1.072500000000000103e-03
9.140000000000000000e+02,1.202300000000000113e-03
9.180000000000000000e+02,1.340900000000000121e-03
9.220000000000000000e+02,1.574100000000000152e-03
9.260000000000000000e+02,1.758900000000000090e-03
9.300000000000000000e+02,1.965699999999999913e-03
9.340000000000000000e+02,2.225299999999999934e-03
9.380000000000000000e+02,2.489300000000000280e-03
9.420000000000000000e+02,2.703800000000000127e-03
9.460000000000000000e+02,2.900699999999999980e-03
9.500000000000000000e+02,3.238400000000000219e-03
9.540000000000000000e+02,3.725700000000000192e-03
9.580000000000000000e+02,4.341700000000000420e-03
9.620000000000000000e+02,4.651900000000000479e-03
9.660000000000000000e+02,4.456100000000000165e-03
9.700000000000000000e+02,4.283400000000000575e-03
9.740000000000000000e+02,4.155800000000000292e-03
9.780000000000000000e+02,3.906100000000000023e-03
9.820000000000000000e+02,3.710300000000000143e-03
9.860000000000000000e+02,3.539800000000000064e-03
9.900000000000000000e+02,3.209800000000000066e-03
9.940000000000000000e+02,2.770900000000000186e-03
9.980000000000000000e+02,2.369400000000000239e-03
1.002000000000000000e+03,1.983299999999999907e-03
1.006000000000000000e+03,1.645600000000000101e-03
1.010000000000000000e+03,1.375000000000000137e-03
1.014000000000000000e+03,1.171500000000000015e-03
1.018000000000000000e+03,1.071400000000000130e-03
1.022000000000000000e+03,9.691000000000000829e-04
1.026000000000000000e+03,8.624000000000000372e-04
1.030000000000000000e+03,8.679000000000000083e-04
1.034000000000000000e+03,8.668000000000000357e-04
1.038000000000000000e+03,8.701000000000000617e-04
1.042000000000000000e+03,8.481000000000000691e-04
1.046000000000000000e+03,8.117999999999999999e-04
1.050000000000000000e+03,8.393000000000000720e-04
1.054000000000000000e+03,8.393000000000000720e-04
1.058000000000000000e+03,7.865000000000000897e-04
1.062000000000000000e+03,7.898000000000000072e-04
1.066000000000000000e+03,8.063000000000000288e-04
1.070000000000000000e+03,7.238000000000000293e-04
1.074000000000000000e+03,6.258999999999999807e-04
1.078000000000000000e+03,5.335000000000000115e-04
1.082000000000000000e+03,4.488000000000000127e-04
1.086000000000000000e+03,3.762000000000000370e-04
1.090000000000000000e+03,3.179000000000000293e-04
1.094000000000000000e+03,2.750000000000000166e-04
1.098000000000000000e+03,2.211000000000000075e-04
1.102000000000000000e+03,1.881000000000000185e-04
1.106000000000000000e+03,1.991000000000000148e-04
1.110000000000000000e+03,1.980000000000000152e-04
1.114000000000000000e+03,1.682999999999999980e-04
1.118000000000000000e+03,1.617000000000000002e-04
1.122000000000000000e+03,1.892000000000000181e-04
1.126000000000000000e+03,1.309000000000000105e-04
1.130000000000000000e+03,1.023000000000000065e-04
1.134000000000000000e+03,1.386000000000000079e-04
1.138000000000000000e+03,1.232000000000000131e-04
1.142000000000000000e+03,1.100000000000000039e-04
1.146000000000000000e+03,1.089000000000000043e-04
1.150000000000000000e+03,1.056000000000000054e-04
1.154000000000000000e+03,4.730000000000000453e-05
1.158000000000000000e+03,4.069999999999999996e-05
1.162000000000000000e+03,1.067000000000000050e-04
1.166000000000000000e+03,1.485000000000000046e-04
1.170000000000000000e+03,1.089000000000000043e-04
1.174000000000000000e+03,1.144000000000000024e-04
1.178000000000000000e+03,1.254000000000000123e-04
1.182000000000000000e+03,1.265000000000000120e-04
1.186000000000000000e+03,1.353000000000000090e-04
1.190000000000000000e+03,1.496000000000000042e-04
1.194000000000000000e+03,1.573000000000000017e-04
1.198000000000000000e+03,1.386000000000000079e-04
1.202000000000000000e+03,1.441000000000000061e-04
1.206000000000000000e+03,1.441000000000000061e-04
1.210000000000000000e+03,1.573000000000000017e-04
1.214000000000000000e+03,1.925000000000000170e-04
1.218000000000000000e+03,2.035000000000000133e-04
1.222000000000000000e+03,2.431000000000000001e-04
1.226000000000000000e+03,2.321000000000000038e-04
1.230000000000000000e+03,1.859000000000000192e-04
1.234000000000000000e+03,2.310000000000000042e-04
1.238000000000000000e+03,2.496999999999999979e-04
1.242000000000000000e+03,2.486000000000000254e-04
1.246000000000000000e+03,2.926000000000000107e-04
1.250000000000000000e+03,2.948000000000000100e-04
1.254000000000000000e+03,2.992000000000000085e-04
1.258000000000000000e+03,3.267000000000000264e-04
1.262000000000000000e+03,2.672999999999999920e-04
1.266000000000000000e+03,2.672999999999999920e-04
1.270000000000000000e+03,3.289000000000000257e-04
1.274000000000000000e+03,3.343999999999999967e-04
1.278000000000000000e+03,3.519999999999999908e-04
1.282000000000000000e+03,4.092000000000000260e-04
1.286000000000000000e+03,4.367000000000000439e-04
1.290000000000000000e+03,4.356000000000000171e-04
1.294000000000000000e+03,4.510000000000000120e-04
1.298000000000000000e+03,4.873000000000000270e-04
1.302000000000000000e+03,5.081999999999999929e-04
1.306000000000000000e+03,5.368000000000000375e-04
1.310000000000000000e+03,5.818999999999999954e-04
1.314000000000000000e+03,6.182000000000000646e-04
1.318000000000000000e+03,5.906999999999999924e-04
1.322000000000000000e+03,5.521999999999999782e-04
1.326000000000000000e+03,5.280000000000000405e-04
1.330000000000000000e+03,5.159000000000000174e-04
1.334000000000000000e+03,5.565999999999999767e-04
1.338000000000000000e+03,5.984000000000000170e-04
1.342000000000000000e+03,6.347000000000000862e-04
1.346000000000000000e+03,6.643999999999999949e-04
1.350000000000000000e+03,6.809000000000000165e-04
1.354000000000000000e+03,7.336999999999999989e-04
1.358000000000000000e+03,8.129000000000000808e-04
1.362000000000000000e+03,8.976000000000000255e-04
1.366000000000000000e+03,9.955000000000000741e-04
1.370000000000000000e+03,1.129699999999999975e-03
1.374000000000000000e+03,1.229800000000000077e-03
1.378000000000000000e+03,1.293600000000000002e-03
1.382000000000000000e+03,1.381599999999999972e-03
1.386000000000000000e+03,1.514700000000000117e-03
1.390000000000000000e+03,1.684100000000000007e-03
1.394000000000000000e+03,1.816100000000000179e-03
1.398000000000000000e+03,1.841400000000000198e-03
1.402000000000000000e+03,1.813900000000000018e-03
1.406000000000000000e+03,1.820500000000000070e-03
1.410000000000000000e+03,1.804000000000000048e-03
1.414000000000000000e+03,1.785300000000000081e-03
1.418000000000000000e+03,1.816100000000000179e-03
1.422000000000000000e+03,1.813900000000000018e-03
1.426000000000000000e+03,1.813900000000000018e-03
1.430000000000000000e+03,1.777600000000000057e-03
1.434000000000000000e+03,1.798500000000000185e-03
1.438000000000000000e+03,1.851300000000000168e-03
1.442000000000000000e+03,1.937100000000000193e-03
1.446000000000000000e+03,2.054800000000000289e-03
1.450000000000000000e+03,2.000899999999999901e-03
1.454000000000000000e+03,1.809500000000000127e-03
1.458000000000000000e+03,1.645600000000000101e-03
1.462000000000000000e+03,1.576300000000000097e-03
1.466000000000000000e+03,1.604900000000000033e-03
1.470000000000000000e+03,1.674200000000000037e-03
1.474000000000000000e+03,1.648900000000000018e-03
1.478000000000000000e+03,1.554299999999999996e-03
1.482000000000000000e+03,1.460800000000000163e-03
1.486000000000000000e+03,1.372799999999999975e-03
1.490000000000000000e+03,1.310100000000000023e-03
1.494000000000000000e+03,1.206700000000000004e-03
1.498000000000000000e+03,1.103299999999999984e-03
1.502000000000000000e+03,1.046100000000000111e-03
1.506000000000000000e+03,1.005400000000000044e-03
1.510000000000000000e+03,9.614000000000000584e-04
1.514000000000000000e+03,8.932000000000000269e-04
1.518000000000000000e+03,8.327000000000000200e-04
1.522000000000000000e+03,7.942000000000000058e-04
1.526000000000000000e+03,7.502000000000000205e-04
1.530000000000000000e+03,6.886000000000000410e-04
1.534000000000000000e+03,6.358000000000000587e-04
1.538000000000000000e+03,6.028000000000000155e-04
1.542000000000000000e+03,5.797000000000000503e-04
1.546000000000000000e+03,5.477999999999999797e-04
1.550000000000000000e+03,5.412000000000000361e-04
1.554000000000000000e+03,5.257999999999999870e-04
1.558000000000000000e+03,4.774000000000000032e-04
1.562000000000000000e+03,4.466000000000000135e-04
1.566000000000000000e+03,4.037000000000000007e-04
1.570000000000000000e+03,3.927000000000000044e-04
1.574000000000000000e+03,4.048000000000000274e-04
1.578000000000000000e+03,3.608000000000000421e-04
1.582000000000000000e+03,3.135000000000000308e-04
1.586000000000000000e+03,3.355000000000000235e-04
1.590000000000000000e+03,3.630000000000000414e-04
1.594000000000000000e+03,3.663000000000000132e-04
1.598000000000000000e+03,3.707000000000000117e-04
1.602000000000000000e+03,3.586000000000000429e-04
1.606000000000000000e+03,3.817000000000000080e-04
1.610000000000000000e+03,4.367000000000000439e-04
1.614000000000000000e+03,4.367000000000000439e-04
1.618000000000000000e+03,4.212999999999999948e-04
1.622000000000000000e+03,4.543000000000000380e-04
1.626000000000000000e+03,4.840000000000000010e-04
1.630000000000000000e+03,4.631000000000000351e-04
1.634000000000000000e+03,4.499000000000000395e-04
1.638000000000000000e+03,4.499000000000000395e-04
1.642000000000000000e+03,4.532000000000000113e-04
1.646000000000000000e+03,4.488000000000000127e-04
1.650000000000000000e+03,4.521000000000000387e-04
1.654000000000000000e+03,4.587000000000000365e-04
1.658000000000000000e+03,4.345000000000000446e-04
1.662000000000000000e+03,4.235000000000000483e-04
1.666000000000000000e+03,4.521000000000000387e-04
1.670000000000000000e+03,4.884000000000000537e-04
1.674000000000000000e+03,4.708000000000000054e-04
1.678000000000000000e+03,4.521000000000000387e-04
1.682000000000000000e+03,4.488000000000000127e-04
1.686000000000000000e+03,4.488000000000000127e-04
1.690000000000000000e+03,4.422000000000000149e-04
1.694000000000000000e+03,3.993000000000000022e-04
1.698000000000000000e+03,3.839000000000000073e-04
1.702000000000000000e+03,3.839000000000000073e-04
1.706000000000000000e+03,3.751000000000000102e-04
1.710000000000000000e+03,3.289000000000000257e-04
1.714000000000000000e+03,2.981000000000000360e-04
1.718000000000000000e+03,2.816000000000000144e-04
1.722000000000000000e+03,2.288000000000000049e-04
1.726000000000000000e+03,1.627999999999999998e-04
1.730000000000000000e+03,1.737999999999999962e-04
1.734000000000000000e+03,1.660999999999999987e-04
1.738000000000000000e+03,1.155000000000000021e-04
1.742000000000000000e+03,1.298000000000000109e-04
1.746000000000000000e+03,1.320000000000000101e-04
1.750000000000000000e+03,1.166000000000000017e-04
1.754000000000000000e+03,1.188000000000000010e-04
1.758000000000000000e+03,1.386000000000000079e-04
1.762000000000000000e+03,1.606000000000000006e-04
1.766000000000000000e+03,1.671999999999999984e-04
1.770000000000000000e+03,1.660999999999999987e-04
1.774000000000000000e+03,1.584000000000000013e-04
1.778000000000000000e+03,1.430000000000000064e-04
1.782000000000000000e+03,1.551000000000000024e-04
1.786000000000000000e+03,1.649999999999999991e-04
1.790000000000000000e+03,1.638999999999999995e-04
1.794000000000000000e+03,1.617000000000000002e-04
1.798000000000000000e+03,1.507000000000000039e-04
1.802000000000000000e+03,1.199000000000000006e-04
1.806000000000000000e+03,8.139999999999999992e-05
1.810000000000000000e+03,7.920000000000000065e-05
1.814000000000000000e+03,8.689999999999999808e-05
1.818000000000000000e+03,9.130000000000001016e-05
1.822000000000000000e+03,7.700000000000000139e-05
1.826000000000000000e+03,7.810000000000000102e-05
1.830000000000000000e+03,7.920000000000000065e-05
1.834000000000000000e+03,4.730000000000000453e-05
1.838000000000000000e+03,2.420000000000000208e-05
1.842000000000000000e+03,2.420000000000000208e-05
1.846000000000000000e+03,3.410000000000000216e-05
1.850000000000000000e+03,4.179999999999999959e-05
1.854000000000000000e+03,4.840000000000000416e-05
1.858000000000000000e+03,5.280000000000000269e-05
1.862000000000000000e+03,6.050000000000000012e-05
1.866000000000000000e+03,5.830000000000000086e-05
1.870000000000000000e+03,5.500000000000000196e-05
1.874000000000000000e+03,4.289999999999999922e-05
1.878000000000000000e+03,4.840000000000000416e-05
1.882000000000000000e+03,4.510000000000000526e-05
1.886000000000000000e+03,5.500000000000000196e-05
1.890000000000000000e+03,9.460000000000000906e-05
1.894000000000000000e+03,7.920000000000000065e-05
1.898000000000000000e+03,4.399999999999999886e-05
1.902000000000000000e+03,6.270000000000000616e-05
1.906000000000000000e+03,1.045000000000000058e-04
1.910000000000000000e+03,1.012000000000000069e-04
1.914000000000000000e+03,7.260000000000000286e-05
1.918000000000000000e+03,8.249999999999999955e-05
1.922000000000000000e+03,1.034000000000000061e-04
1.926000000000000000e+03,9.790000000000000796e-05
1.930000000000000000e+03,1.023000000000000065e-04
1.934000000000000000e+03,1.056000000000000054e-04
1.938000000000000000e+03,9.020000000000001053e-05
1.942000000000000000e+03,7.920000000000000065e-05
1.946000000000000000e+03,7.700000000000000139e-05
1.950000000000000000e+03,8.249999999999999955e-05
1.954000000000000000e+03,9.680000000000000833e-05
1.958000000000000000e+03,1.067000000000000050e-04
1.962000000000000000e+03,1.188000000000000010e-04
1.966000000000000000e+03,1.287000000000000112e-04
1.970000000000000000e+03,1.265000000000000120e-04
1.974000000000000000e+03,1.133000000000000028e-04
1.978000000000000000e+03,1.144000000000000024e-04
1.982000000000000000e+03,1.265000000000000120e-04
1.986000000000000000e+03,1.638999999999999995e-04
1.990000000000000000e+03,1.881000000000000185e-04
1.994000000000000000e+03,1.715999999999999969e-04
1.998000000000000000e+03,1.540000000000000028e-04
2.002000000000000000e+03,1.573000000000000017e-04
2.006000000000000000e+03,1.595000000000000009e-04
2.010000000000000000e+03,1.518000000000000035e-04
2.014000000000000000e+03,1.430000000000000064e-04
2.018000000000000000e+03,1.221000000000000134e-04
2.022000000000000000e+03,6.930000000000000396e-05
2.026000000000000000e+03,6.490000000000000543e-05
2.030000000000000000e+03,6.490000000000000543e-05
2.034000000000000000e+03,3.410000000000000216e-05
2.038000000000000000e+03,2.970000000000000024e-05
2.042000000000000000e+03,4.179999999999999959e-05
2.046000000000000000e+03,3.300000000000000253e-05
2.050000000000000000e+03,3.190000000000000290e-05
2.054000000000000000e+03,3.960000000000000033e-05
2.058000000000000000e+03,6.270000000000000616e-05
2.062000000000000000e+03,5.610000000000000159e-05
2.066000000000000000e+03,2.310000000000000245e-05
2.070000000000000000e+03,2.310000000000000245e-05
2.074000000000000000e+03,1.760000000000000090e-05
2.078000000000000000e+03,2.640000000000000135e-05
2.082000000000000000e+03,2.970000000000000024e-05
2.086000000000000000e+03,8.800000000000000449e-06
2.090000000000000000e+03,9.900000000000000081e-06
2.094000000000000000e+03,1.320000000000000067e-05
2.098000000000000000e+03,7.700000000000000816e-06
2.102000000000000000e+03,1.100000000000000056e-06
2.106000000000000000e+03,0.000000000000000000e+00
2.110000000000000000e+03,2.200000000000000112e-06
2.114000000000000000e+03,0.000000000000000000e+00
2.118000000000000000e+03,9.900000000000000081e-06
2.122000000000000000e+03,1.540000000000000163e-05
2.126000000000000000e+03,3.740000000000000106e-05
2.130000000000000000e+03,3.960000000000000033e-05
2.134000000000000000e+03,1.650000000000000127e-05
2.138000000000000000e+03,2.089999999999999980e-05
2.142000000000000000e+03,2.970000000000000024e-05
2.146000000000000000e+03,4.730000000000000453e-05
2.150000000000000000e+03,6.270000000000000616e-05
2.154000000000000000e+03,3.410000000000000216e-05
2.158000000000000000e+03,2.089999999999999980e-05
2.162000000000000000e+03,1.540000000000000163e-05
2.166000000000000000e+03,2.750000000000000098e-05
2.170000000000000000e+03,4.069999999999999996e-05
2.174000000000000000e+03,3.850000000000000069e-05
2.178000000000000000e+03,4.510000000000000526e-05
2.182000000000000000e+03,3.520000000000000180e-05
2.186000000000000000e+03,2.970000000000000024e-05
2.190000000000000000e+03,3.190000000000000290e-05
2.194000000000000000e+03,2.420000000000000208e-05
2.198000000000000000e+03,2.750000000000000098e-05
2.202000000000000000e+03,3.190000000000000290e-05
2.206000000000000000e+03,1.760000000000000090e-05
2.210000000000000000e+03,8.800000000000000449e-06
2.214000000000000000e+03,3.630000000000000143e-05
2.218000000000000000e+03,4.950000000000000380e-05
2.222000000000000000e+03,4.840000000000000416e-05
2.226000000000000000e+03,6.820000000000000433e-05
2.230000000000000000e+03,5.940000000000000049e-05
2.234000000000000000e+03,2.640000000000000135e-05
2.238000000000000000e+03,2.970000000000000024e-05
2.242000000000000000e+03,5.720000000000000122e-05
2.246000000000000000e+03,4.730000000000000453e-05
2.250000000000000000e+03,3.740000000000000106e-05
2.254000000000000000e+03,5.280000000000000269e-05
2.258000000000000000e+03,7.590000000000000175e-05
2.262000000000000000e+03,7.150000000000000322e-05
2.266000000000000000e+03,6.160000000000000653e-05
2.270000000000000000e+03,3.960000000000000033e-05
2.274000000000000000e+03,5.060000000000000343e-05
2.278000000000000000e+03,7.920000000000000065e-05
2.282000000000000000e+03,7.150000000000000322e-05
2.286000000000000000e+03,8.030000000000000028e-05
2.290000000000000000e+03,8.910000000000001090e-05
2.294000000000000000e+03,7.700000000000000139e-05
2.298000000000000000e+03,8.579999999999999845e-05
2.302000000000000000e+03,8.910000000000001090e-05
2.306000000000000000e+03,8.249999999999999955e-05
2.310000000000000000e+03,8.910000000000001090e-05
2.314000000000000000e+03,8.249999999999999955e-05
2.318000000000000000e+03,8.910000000000001090e-05
2.322000000000000000e+03,7.920000000000000065e-05
2.326000000000000000e+03,6.380000000000000580e-05
2.330000000000000000e+03,8.579999999999999845e-05
2.334000000000000000e+03,1.034000000000000061e-04
2.338000000000000000e+03,1.067000000000000050e-04
2.342000000000000000e+03,1.089000000000000043e-04
2.346000000000000000e+03,1.221000000000000134e-04
2.350000000000000000e+03,1.309000000000000105e-04
2.354000000000000000e+03,1.397000000000000075e-04
2.358000000000000000e+03,1.507000000000000039e-04
2.362000000000000000e+03,1.309000000000000105e-04
2.366000000000000000e+03,9.790000000000000796e-05
2.370000000000000000e+03,1.089000000000000043e-04
2.374000000000000000e+03,1.320000000000000101e-04
2.378000000000000000e+03,1.221000000000000134e-04
2.382000000000000000e+03,1.012000000000000069e-04
2.386000000000000000e+03,9.790000000000000796e-05
2.390000000000000000e+03,9.900000000000000759e-05
2.394000000000000000e+03,1.188000000000000010e-04
2.398000000000000000e+03,1.287000000000000112e-04
2.402000000000000000e+03,1.430000000000000064e-04
2.406000000000000000e+03,1.638999999999999995e-04
2.410000000000000000e+03,1.726999999999999965e-04
2.414000000000000000e+03,1.980000000000000152e-04
2.418000000000000000e+03,2.002000000000000144e-04
2.422000000000000000e+03,1.859000000000000192e-04
2.426000000000000000e+03,1.638999999999999995e-04
2.430000000000000000e+03,1.342000000000000094e-04
2.434000000000000000e+03,1.408000000000000072e-04
2.438000000000000000e+03,1.660999999999999987e-04
2.442000000000000000e+03,1.682999999999999980e-04
2.446000000000000000e+03,1.551000000000000024e-04
2.450000000000000000e+03,1.617000000000000002e-04
2.454000000000000000e+03,1.562000000000000020e-04
2.458000000000000000e+03,1.474000000000000050e-04
2.462000000000000000e+03,1.430000000000000064e-04
2.466000000000000000e+03,1.540000000000000028e-04
2.470000000000000000e+03,1.638999999999999995e-04
2.474000000000000000e+03,1.474000000000000050e-04
2.478000000000000000e+03,1.430000000000000064e-04
2.482000000000000000e+03,1.408000000000000072e-04
2.486000000000000000e+03,1.188000000000000010e-04
2.490000000000000000e+03,1.221000000000000134e-04
2.494000000000000000e+03,1.364000000000000087e-04
2.498000000000000000e+03,1.188000000000000010e-04
2.502000000000000000e+03,8.799999999999999771e-05
2.506000000000000000e+03,1.144000000000000024e-04
2.510000000000000000e+03,1.496000000000000042e-04
2.514000000000000000e+03,1.452000000000000057e-04
2.518000000000000000e+03,1.408000000000000072e-04
2.522000000000000000e+03,1.320000000000000101e-04
2.526000000000000000e+03,1.430000000000000064e-04
2.530000000000000000e+03,1.649999999999999991e-04
2.534000000000000000e+03,1.649999999999999991e-04
2.538000000000000000e+03,1.364000000000000087e-04
2.542000000000000000e+03,1.430000000000000064e-04
2.546000000000000000e+03,1.364000000000000087e-04
2.550000000000000000e+03,1.122000000000000032e-04
2.554000000000000000e+03,9.790000000000000796e-05
2.558000000000000000e+03,9.570000000000000869e-05
2.562000000000000000e+03,1.287000000000000112e-04
2.566000000000000000e+03,1.474000000000000050e-04
2.570000000000000000e+03,1.199000000000000006e-04
2.574000000000000000e+03,1.155000000000000021e-04
2.578000000000000000e+03,1.386000000000000079e-04
2.582000000000000000e+03,1.430000000000000064e-04
2.586000000000000000e+03,1.287000000000000112e-04
2.590000000000000000e+03,1.210000000000000002e-04
2.594000000000000000e+03,1.320000000000000101e-04
2.598000000000000000e+03,1.386000000000000079e-04
2.602000000000000000e+03,1.693999999999999976e-04
2.606000000000000000e+03,1.881000000000000185e-04
2.610000000000000000e+03,1.704999999999999973e-04
2.614000000000000000e+03,1.496000000000000042e-04
2.618000000000000000e+03,1.265000000000000120e-04
2.622000000000000000e+03,1.353000000000000090e-04
2.626000000000000000e+03,1.463000000000000053e-04
2.630000000000000000e+03,1.386000000000000079e-04
2.634000000000000000e+03,1.265000000000000120e-04
2.638000000000000000e+03,1.540000000000000028e-04
2.642000000000000000e+03,1.870000000000000189e-04
2.646000000000000000e+03,1.726999999999999965e-04
2.650000000000000000e+03,1.682999999999999980e-04
2.654000000000000000e+03,1.518000000000000035e-04
2.658000000000000000e+03,1.463000000000000053e-04
2.662000000000000000e+03,1.529000000000000031e-04
2.666000000000000000e+03,1.704999999999999973e-04
2.670000000000000000e+03,1.903000000000000178e-04
2.674000000000000000e+03,1.991000000000000148e-04
2.678000000000000000e+03,2.013000000000000141e-04
2.682000000000000000e+03,1.771000000000000222e-04
2.686000000000000000e+03,1.507000000000000039e-04
2.690000000000000000e+03,1.715999999999999969e-04
2.694000000000000000e+03,2.101000000000000111e-04
2.698000000000000000e+03,2.277000000000000053e-04
2.702000000000000000e+03,2.518999999999999972e-04
2.706000000000000000e+03,2.893000000000000389e-04
2.710000000000000000e+03,3.069000000000000330e-04
2.714000000000000000e+03,3.135000000000000308e-04
2.718000000000000000e+03,3.696000000000000392e-04
2.722000000000000000e+03,4.389000000000000431e-04
2.726000000000000000e+03,4.949999999999999973e-04
2.730000000000000000e+03,5.533000000000000591e-04
2.734000000000000000e+03,5.511000000000000057e-04
2.738000000000000000e+03,5.379000000000000101e-04
2.742000000000000000e+03,5.797000000000000503e-04
2.746000000000000000e+03,6.038999999999999880e-04
2.750000000000000000e+03,6.126999999999999851e-04
2.754000000000000000e+03,6.094000000000000675e-04
2.758000000000000000e+03,6.082999999999999866e-04
2.762000000000000000e+03,5.940000000000000184e-04
2.766000000000000000e+03,5.445000000000000621e-04
2.770000000000000000e+03,4.916999999999999713e-04
2.774000000000000000e+03,4.763000000000000306e-04
2.778000000000000000e+03,5.192000000000000434e-04
2.782000000000000000e+03,5.797000000000000503e-04
2.786000000000000000e+03,5.786000000000000778e-04
2.790000000000000000e+03,5.665000000000000547e-04
2.794000000000000000e+03,6.126999999999999851e-04
2.798000000000000000e+03,6.511999999999999993e-04
2.802000000000000000e+03,6.775999999999999905e-04
2.806000000000000000e+03,7.512999999999999930e-04
2.810000000000000000e+03,8.085000000000000823e-04
2.814000000000000000e+03,8.470000000000000966e-04
2.818000000000000000e+03,9.141000000000000470e-04
2.822000000000000000e+03,1.013100000000000068e-03
2.826000000000000000e+03,1.139600000000000161e-03
2.830000000000000000e+03,1.268299999999999983e-03
2.834000000000000000e+03,1.420100000000000095e-03
2.838000000000000000e+03,1.673100000000000065e-03
2.842000000000000000e+03,1.961300000000000023e-03
2.846000000000000000e+03,2.308900000000000015e-03
2.850000000000000000e+03,2.898500000000000035e-03
2.854000000000000000e+03,3.647599999999999974e-03
2.858000000000000000e+03,4.380199999999999892e-03
2.862000000000000000e+03,4.919200000000000308e-03
2.866000000000000000e+03,5.129299999999999832e-03
2.870000000000000000e+03,5.270100000000000652e-03
2.874000000000000000e+03,5.657300000000000523e-03
2.878000000000000000e+03,6.232600000000000466e-03
2.882000000000000000e+03,6.644000000000000600e-03
2.886000000000000000e+03,6.905800000000000133e-03
2.890000000000000000e+03,7.044400000000000141e-03
2.894000000000000000e+03,7.147800000000000160e-03
2.898000000000000000e+03,7.263300000000000312e-03
2.902000000000000000e+03,7.464600000000000055e-03
2.906000000000000000e+03,7.922200000000000769e-03
2.910000000000000000e+03,8.683400000000000840e-03
2.914000000000000000e+03,9.539200000000001151e-03
2.918000000000000000e+03,1.015850000000000086e-02
2.922000000000000000e+03,1.033560000000000034e-02
2.926000000000000000e+03,1.024430000000000132e-02
2.930000000000000000e+03,1.028830000000000022e-02
2.934000000000000000e+03,1.055999999999999994e-02
2.938000000000000000e+03,1.083500000000000088e-02
2.942000000000000000e+03,1.095270000000000098e-02
2.946000000000000000e+03,1.100000000000000110e-02
2.950000000000000000e+03,1.049290000000000118e-02
2.954000000000000000e+03,9.377500000000000419e-03
2.958000000000000000e+03,8.618500000000001160e-03
2.962000000000000000e+03,8.171900000000001038e-03
2.966000000000000000e+03,7.730800000000000345e-03
2.970000000000000000e+03,7.332600000000000749e-03
2.974000000000000000e+03,7.275400000000000443e-03
2.978000000000000000e+03,7.431600000000000011e-03
2.982000000000000000e+03,7.436000000000000769e-03
2.986000000000000000e+03,7.337000000000000639e-03
2.990000000000000000e+03,7.153300000000000457e-03
2.994000000000000000e+03,7.054300000000000327e-03
2.998000000000000000e+03,7.022400000000000690e-03
3.002000000000000000e+03,6.963000000000000439e-03
3.006000000000000000e+03,6.999299999999999966e-03
3.010000000000000000e+03,7.071900000000000755e-03
3.014000000000000000e+03,6.993800000000000537e-03
3.018000000000000000e+03,6.794700000000000739e-03
3.022000000000000000e+03,6.589000000000000239e-03
3.026000000000000000e+03,6.416300000000000649e-03
3.030000000000000000e+03,6.373400000000000419e-03
3.034000000000000000e+03,6.342600000000000321e-03
3.038000000000000000e+03,6.155600000000000654e-03
3.042000000000000000e+03,5.883900000000000068e-03
3.046000000000000000e+03,5.542899999999999910e-03
3.050000000000000000e+03,5.104000000000000030e-03
3.054000000000000000e+03,4.602400000000000414e-03
3.058000000000000000e+03,4.090900000000000612e-03
3.062000000000000000e+03,3.614600000000000365e-03
3.066000000000000000e+03,3.224100000000000143e-03
3.070000000000000000e+03,2.851200000000000349e-03
3.074000000000000000e+03,2.492600000000000197e-03
3.078000000000000000e+03,2.241799999999999956e-03
3.082000000000000000e+03,2.007500000000000170e-03
3.086000000000000000e+03,1.796300000000000023e-03
3.090000000000000000e+03,1.601600000000000116e-03
3.094000000000000000e+03,1.406899999999999991e-03
3.098000000000000000e+03,1.251799999999999961e-03
3.102000000000000000e+03,1.159400000000000101e-03
3.106000000000000000e+03,1.080200000000000127e-03
3.110000000000000000e+03,9.790000000000000525e-04
3.114000000000000000e+03,9.218000000000000716e-04
3.118000000000000000e+03,8.503000000000000141e-04
3.122000000000000000e+03,7.380999999999999974e-04
3.126000000000000000e+03,6.787000000000000715e-04
3.130000000000000000e+03,6.160000000000000111e-04
3.134000000000000000e+03,5.389999999999999826e-04
3.138000000000000000e+03,5.225000000000000694e-04
3.142000000000000000e+03,4.829000000000000284e-04
3.146000000000000000e+03,4.411000000000000424e-04
3.150000000000000000e+03,4.102999999999999985e-04
3.154000000000000000e+03,3.663000000000000132e-04
3.158000000000000000e+03,3.817000000000000080e-04
3.162000000000000000e+03,3.960000000000000304e-04
3.166000000000000000e+03,3.839000000000000073e-04
3.170000000000000000e+03,3.806000000000000355e-04
3.174000000000000000e+03,3.861000000000000066e-04
3.178000000000000000e+03,3.443000000000000205e-04
3.182000000000000000e+03,2.816000000000000144e-04
3.186000000000000000e+03,2.838000000000000136e-04
3.190000000000000000e+03,2.596000000000000217e-04
3.194000000000000000e+03,2.716999999999999906e-04
3.198000000000000000e+03,2.827000000000000411e-04
3.202000000000000000e+03,2.244000000000000064e-04
3.206000000000000000e+03,2.068000000000000122e-04
3.210000000000000000e+03,2.035000000000000133e-04
3.214000000000000000e+03,2.178000000000000086e-04
3.218000000000000000e+03,2.838000000000000136e-04
3.222000000000000000e+03,3.113000000000000315e-04
3.226000000000000000e+03,2.760999999999999891e-04
3.230000000000000000e+03,2.233000000000000067e-04
3.234000000000000000e+03,1.870000000000000189e-04
3.238000000000000000e+03,2.112000000000000108e-04
3.242000000000000000e+03,2.101000000000000111e-04
3.246000000000000000e+03,2.068000000000000122e-04
3.250000000000000000e+03,2.057000000000000126e-04
3.254000000000000000e+03,1.660999999999999987e-04
3.258000000000000000e+03,1.287000000000000112e-04
3.262000000000000000e+03,1.627999999999999998e-04
3.266000000000000000e+03,1.859000000000000192e-04
3.270000000000000000e+03,1.430000000000000064e-04
3.274000000000000000e+03,1.419000000000000068e-04
3.278000000000000000e+03,1.397000000000000075e-04
3.282000000000000000e+03,9.790000000000000796e-05
3.286000000000000000e+03,1.133000000000000028e-04
3.290000000000000000e+03,1.309000000000000105e-04
3.294000000000000000e+03,1.441000000000000061e-04
3.298000000000000000e+03,1.331000000000000098e-04
3.302000000000000000e+03,1.155000000000000021e-04
3.306000000000000000e+03,1.331000000000000098e-04
3.310000000000000000e+03,1.649999999999999991e-04
3.314000000000000000e+03,1.936000000000000167e-04
3.318000000000000000e+03,1.991000000000000148e-04
3.322000000000000000e+03,1.693999999999999976e-04
3.326000000000000000e+03,1.287000000000000112e-04
3.330000000000000000e+03,1.430000000000000064e-04
3.334000000000000000e+03,1.485000000000000046e-04
3.338000000000000000e+03,1.496000000000000042e-04
3.342000000000000000e+03,1.243000000000000127e-04
3.346000000000000000e+03,6.380000000000000580e-05
3.350000000000000000e+03,9.900000000000000759e-05
3.354000000000000000e+03,1.881000000000000185e-04
3.358000000000000000e+03,1.507000000000000039e-04
3.362000000000000000e+03,8.030000000000000028e-05
3.366000000000000000e+03,9.790000000000000796e-05
3.370000000000000000e+03,1.133000000000000028e-04
3.374000000000000000e+03,1.089000000000000043e-04
3.378000000000000000e+03,1.001000000000000072e-04
3.382000000000000000e+03,1.023000000000000065e-04
3.386000000000000000e+03,1.111000000000000035e-04
3.390000000000000000e+03,1.023000000000000065e-04
3.394000000000000000e+03,5.830000000000000086e-05
3.398000000000000000e+03,9.900000000000000081e-06
3.402000000000000000e+03,6.710000000000000469e-05
3.406000000000000000e+03,1.298000000000000109e-04
3.410000000000000000e+03,9.900000000000000759e-05
3.414000000000000000e+03,1.353000000000000090e-04
3.418000000000000000e+03,1.715999999999999969e-04
3.422000000000000000e+03,1.419000000000000068e-04
3.426000000000000000e+03,1.342000000000000094e-04
3.430000000000000000e+03,8.689999999999999808e-05
3.434000000000000000e+03,1.155000000000000021e-04
3.438000000000000000e+03,2.068000000000000122e-04
3.442000000000000000e+03,1.353000000000000090e-04
3.446000000000000000e+03,8.579999999999999845e-05
3.450000000000000000e+03,1.232000000000000131e-04
3.454000000000000000e+03,1.551000000000000024e-04
3.458000000000000000e+03,1.375000000000000083e-04
3.462000000000000000e+03,1.045000000000000058e-04
3.466000000000000000e+03,1.144000000000000024e-04
3.470000000000000000e+03,1.122000000000000032e-04
3.474000000000000000e+03,1.023000000000000065e-04
3.478000000000000000e+03,8.799999999999999771e-05
3.482000000000000000e+03,1.001000000000000072e-04
3.486000000000000000e+03,9.350000000000000943e-05
3.490000000000000000e+03,1.078000000000000047e-04
3.494000000000000000e+03,9.570000000000000869e-05
3.498000000000000000e+03,2.420000000000000208e-05
3.502000000000000000e+03,4.510000000000000526e-05
3.506000000000000000e+03,8.139999999999999992e-05
3.510000000000000000e+03,2.860000000000000061e-05
3.514000000000000000e+03,3.080000000000000326e-05
3.518000000000000000e+03,7.040000000000000359e-05
3.522000000000000000e+03,7.150000000000000322e-05
3.526000000000000000e+03,8.469999999999999881e-05
3.530000000000000000e+03,7.480000000000000212e-05
3.534000000000000000e+03,9.130000000000001016e-05
3.538000000000000000e+03,1.243000000000000127e-04
3.542000000000000000e+03,1.441000000000000061e-04
3.546000000000000000e+03,1.419000000000000068e-04
3.550000000000000000e+03,1.276000000000000116e-04
3.554000000000000000e+03,1.188000000000000010e-04
3.558000000000000000e+03,1.023000000000000065e-04
3.562000000000000000e+03,1.111000000000000035e-04
3.566000000000000000e+03,1.507000000000000039e-04
3.570000000000000000e+03,9.350000000000000943e-05
3.574000000000000000e+03,3.850000000000000069e-05
3.578000000000000000e+03,5.830000000000000086e-05
3.582000000000000000e+03,6.820000000000000433e-05
3.586000000000000000e+03,1.155000000000000021e-04
3.590000000000000000e+03,1.331000000000000098e-04
3.594000000000000000e+03,1.188000000000000010e-04
3.598000000000000000e+03,1.419000000000000068e-04
3.602000000000000000e+03,1.386000000000000079e-04
3.606000000000000000e+03,1.034000000000000061e-04
3.610000000000000000e+03,1.023000000000000065e-04
3.614000000000000000e+03,1.463000000000000053e-04
3.618000000000000000e+03,1.342000000000000094e-04
3.622000000000000000e+03,5.940000000000000049e-05
3.626000000000000000e+03,1.232000000000000131e-04
3.630000000000000000e+03,1.804000000000000211e-04
3.634000000000000000e+03,1.111000000000000035e-04
3.638000000000000000e+03,7.480000000000000212e-05
3.642000000000000000e+03,1.419000000000000068e-04
3.646000000000000000e+03,2.024000000000000137e-04
3.650000000000000000e+03,1.826000000000000203e-04
3.654000000000000000e+03,1.364000000000000087e-04
3.658000000000000000e+03,1.518000000000000035e-04
3.662000000000000000e+03,1.958000000000000159e-04
3.666000000000000000e+03,1.551000000000000024e-04
3.670000000000000000e+03,1.540000000000000028e-04
3.674000000000000000e+03,1.682999999999999980e-04
3.678000000000000000e+03,1.188000000000000010e-04
3.682000000000000000e+03,1.034000000000000061e-04
3.686000000000000000e+03,1.584000000000000013e-04
3.690000000000000000e+03,1.682999999999999980e-04
3.694000000000000000e+03,1.265000000000000120e-04
3.698000000000000000e+03,7.810000000000000102e-05
3.702000000000000000e+03,8.139999999999999992e-05
3.706000000000000000e+03,1.265000000000000120e-04
3.710000000000000000e+03,1.078000000000000047e-04
3.714000000000000000e+03,8.139999999999999992e-05
3.718000000000000000e+03,6.710000000000000469e-05
3.722000000000000000e+03,7.370000000000000249e-05
3.726000000000000000e+03,1.166000000000000017e-04
3.730000000000000000e+03,1.397000000000000075e-04
3.734000000000000000e+03,1.551000000000000024e-04
3.738000000000000000e+03,1.441000000000000061e-04
3.742000000000000000e+03,9.680000000000000833e-05
3.746000000000000000e+03,1.034000000000000061e-04
3.750000000000000000e+03,1.056000000000000054e-04
3.754000000000000000e+03,1.144000000000000024e-04
3.758000000000000000e+03,1.649999999999999991e-04
3.762000000000000000e+03,1.627999999999999998e-04
3.766000000000000000e+03,1.551000000000000024e-04
3.770000000000000000e+03,1.309000000000000105e-04
3.774000000000000000e+03,1.386000000000000079e-04
3.778000000000000000e+03,1.759999999999999954e-04
3.782000000000000000e+03,1.265000000000000120e-04
3.786000000000000000e+03,1.078000000000000047e-04
3.790000000000000000e+03,1.067000000000000050e-04
3.794000000000000000e+03,1.606000000000000006e-04
3.798000000000000000e+03,2.024000000000000137e-04
3.802000000000000000e+03,1.914000000000000174e-04
3.806000000000000000e+03,1.529000000000000031e-04
3.810000000000000000e+03,1.210000000000000002e-04
3.814000000000000000e+03,1.474000000000000050e-04
3.818000000000000000e+03,1.704999999999999973e-04
3.822000000000000000e+03,1.573000000000000017e-04
3.826000000000000000e+03,1.177000000000000013e-04
3.830000000000000000e+03,1.320000000000000101e-04
3.834000000000000000e+03,1.617000000000000002e-04
3.838000000000000000e+03,1.704999999999999973e-04
3.842000000000000000e+03,2.167000000000000089e-04
3.846000000000000000e+03,2.123000000000000104e-04
