4.500000000000000000e+02,5.909071799999999347e-02
4.540000000000000000e+02,2.478637499999999938e-02
4.580000000000000000e+02,9.121385999999998689e-03
4.620000000000000000e+02,5.353857000000000060e-03
4.660000000000000000e+02,1.150087799999999910e-02
4.700000000000000000e+02,8.526512999999999454e-03
4.740000000000000000e+02,1.407866099999999926e-02
4.780000000000000000e+02,1.090600499999999987e-02
4.820000000000000000e+02,2.438979299999999989e-02
4.860000000000000000e+02,2.161371899999999999e-02
4.900000000000000000e+02,1.883764500000000008e-02
4.940000000000000000e+02,1.526840699999999947e-02
4.980000000000000000e+02,1.665644399999999942e-02
5.020000000000000000e+02,1.011284099999999915e-02
5.060000000000000000e+02,7.535057999999999860e-03
5.100000000000000000e+02,9.517967999999999915e-03
5.140000000000000000e+02,4.758983999999999957e-03
5.180000000000000000e+02,7.931640000000000218e-03
5.220000000000000000e+02,2.974364999999999648e-03
5.260000000000000000e+02,8.923094999999998944e-03
5.300000000000000000e+02,1.388036999999999951e-03
5.340000000000000000e+02,9.121385999999998689e-03
5.380000000000000000e+02,9.121385999999998689e-03
5.420000000000000000e+02,6.147020999999999909e-03
5.460000000000000000e+02,6.543602999999999399e-03
5.500000000000000000e+02,1.388036999999999951e-03
5.540000000000000000e+02,5.552147999999999806e-03
5.580000000000000000e+02,2.577782999999999724e-03
5.620000000000000000e+02,8.923094999999998944e-03
5.660000000000000000e+02,5.353857000000000060e-03
5.700000000000000000e+02,7.535057999999999860e-03
5.740000000000000000e+02,2.974364999999999648e-03
5.780000000000000000e+02,5.750438999999999551e-03
5.820000000000000000e+02,1.050942299999999864e-02
5.860000000000000000e+02,1.189745999999999859e-02
5.900000000000000000e+02,1.209575100000000007e-02
5.940000000000000000e+02,1.923422699999999957e-02
5.980000000000000000e+02,2.320004699999999795e-02
6.020000000000000000e+02,2.696757600000000005e-02
6.060000000000000000e+02,3.608896199999999527e-02
6.100000000000000000e+02,3.648554399999999476e-02
6.140000000000000000e+02,3.370946999999999832e-02
6.180000000000000000e+02,3.747699899999999695e-02
6.220000000000000000e+02,4.164110999999999507e-02
6.260000000000000000e+02,4.560692999999999692e-02
6.300000000000000000e+02,4.739154899999999809e-02
6.340000000000000000e+02,5.195224199999999570e-02
6.380000000000000000e+02,4.560692999999999692e-02
6.420000000000000000e+02,4.739154899999999809e-02
6.460000000000000000e+02,2.954535899999999674e-02
6.500000000000000000e+02,2.498466599999999913e-02
6.540000000000000000e+02,1.804448099999999763e-02
6.580000000000000000e+02,1.784618999999999789e-02
6.620000000000000000e+02,1.050942299999999864e-02
6.660000000000000000e+02,7.138475999999999502e-03
6.700000000000000000e+02,1.169916899999999885e-02
6.740000000000000000e+02,4.957274999999999703e-03
6.780000000000000000e+02,5.750438999999999551e-03
6.820000000000000000e+02,5.948729999999999947e-04
6.860000000000000000e+02,5.750438999999999551e-03
6.900000000000000000e+02,4.560692999999999345e-03
6.940000000000000000e+02,6.543602999999999399e-03
6.980000000000000000e+02,5.155565999999999448e-03
7.020000000000000000e+02,4.758983999999999957e-03
7.060000000000000000e+02,3.965820000000000109e-03
7.100000000000000000e+02,2.974364999999999648e-03
7.140000000000000000e+02,5.948729999999999296e-03
7.180000000000000000e+02,4.362401999999999599e-03
7.220000000000000000e+02,4.164110999999999854e-03
7.260000000000000000e+02,2.379491999999999979e-03
7.300000000000000000e+02,5.750438999999999551e-03
7.340000000000000000e+02,4.957274999999999703e-03
7.380000000000000000e+02,6.741894000000000012e-03
7.420000000000000000e+02,8.129930999999999963e-03
7.460000000000000000e+02,1.031113199999999890e-02
7.500000000000000000e+02,1.308720599999999880e-02
7.540000000000000000e+02,1.308720599999999880e-02
7.580000000000000000e+02,1.705302599999999891e-02
7.620000000000000000e+02,1.625986199999999993e-02
7.660000000000000000e+02,1.625986199999999993e-02
7.700000000000000000e+02,1.348378800000000002e-02
7.740000000000000000e+02,1.308720599999999880e-02
7.780000000000000000e+02,8.526512999999999454e-03
7.820000000000000000e+02,8.923094999999998944e-03
7.860000000000000000e+02,5.750438999999999551e-03
7.900000000000000000e+02,2.776073999999999903e-03
7.940000000000000000e+02,6.345311999999999654e-03
7.980000000000000000e+02,5.750438999999999551e-03
8.020000000000000000e+02,8.526512999999999454e-03
8.060000000000000000e+02,7.535057999999999860e-03
8.100000000000000000e+02,1.050942299999999864e-02
8.140000000000000000e+02,1.150087799999999910e-02
8.180000000000000000e+02,1.368207899999999977e-02
8.220000000000000000e+02,1.824277199999999738e-02
8.260000000000000000e+02,2.161371899999999999e-02
8.300000000000000000e+02,2.498466599999999913e-02
8.340000000000000000e+02,2.736415799999999954e-02
8.380000000000000000e+02,3.033852299999999919e-02
8.420000000000000000e+02,3.033852299999999919e-02
8.460000000000000000e+02,3.093339599999999842e-02
8.500000000000000000e+02,3.033852299999999919e-02
8.540000000000000000e+02,3.014023199999999944e-02
8.580000000000000000e+02,2.974364999999999995e-02
8.620000000000000000e+02,2.795903099999999877e-02
8.660000000000000000e+02,2.974364999999999995e-02
8.700000000000000000e+02,3.093339599999999842e-02
8.740000000000000000e+02,3.192485099999999715e-02
8.780000000000000000e+02,3.251972399999999985e-02
8.820000000000000000e+02,3.747699899999999695e-02
8.860000000000000000e+02,4.104623699999999931e-02
8.900000000000000000e+02,4.441718399999999844e-02
8.940000000000000000e+02,4.719325799999999488e-02
8.980000000000000000e+02,5.016762299999999453e-02
9.020000000000000000e+02,5.215053299999999892e-02
9.060000000000000000e+02,5.076249599999999723e-02
9.100000000000000000e+02,4.778813099999999758e-02
9.140000000000000000e+02,4.342572899999999625e-02
9.180000000000000000e+02,4.025307300000000033e-02
9.220000000000000000e+02,3.529579799999999629e-02
9.260000000000000000e+02,3.113168699999999817e-02
9.300000000000000000e+02,2.736415799999999954e-02
9.340000000000000000e+02,2.577782999999999811e-02
9.380000000000000000e+02,2.498466599999999913e-02
9.420000000000000000e+02,2.637270299999999734e-02
9.460000000000000000e+02,3.152826899999999766e-02
9.500000000000000000e+02,4.025307300000000033e-02
9.540000000000000000e+02,5.512489799999999857e-02
9.580000000000000000e+02,7.039330499999998936e-02
9.620000000000000000e+02,8.407538399999998913e-02
9.660000000000000000e+02,9.141215099999999705e-02
9.700000000000000000e+02,9.537797099999999195e-02
9.740000000000000000e+02,9.517967999999998874e-02
9.780000000000000000e+02,8.883436799999999689e-02
9.820000000000000000e+02,7.673861699999999508e-02
9.860000000000000000e+02,6.900526799999999461e-02
9.900000000000000000e+02,7.515228899999999712e-02
9.940000000000000000e+02,8.387709299999999979e-02
9.980000000000000000e+02,9.874891799999999109e-02
1.002000000000000000e+03,1.205609279999999978e-01
1.006000000000000000e+03,1.505028689999999836e-01
1.010000000000000000e+03,1.782636089999999895e-01
1.014000000000000000e+03,2.004722009999999888e-01
1.018000000000000000e+03,2.145508619999999811e-01
1.022000000000000000e+03,2.191115549999999856e-01
1.026000000000000000e+03,2.157406080000000004e-01
1.030000000000000000e+03,2.038431480000000018e-01
1.034000000000000000e+03,1.974978359999999822e-01
1.038000000000000000e+03,2.004722009999999888e-01
1.042000000000000000e+03,2.169303539999999919e-01
1.046000000000000000e+03,2.383457819999999783e-01
1.050000000000000000e+03,2.623389929999999648e-01
1.054000000000000000e+03,2.877202409999999877e-01
1.058000000000000000e+03,3.077476319999999932e-01
1.062000000000000000e+03,3.115151609999999849e-01
1.066000000000000000e+03,2.980313729999999883e-01
1.070000000000000000e+03,2.819698019999999916e-01
1.074000000000000000e+03,2.633304479999999947e-01
1.078000000000000000e+03,2.371560359999999867e-01
1.082000000000000000e+03,1.953166349999999885e-01
1.086000000000000000e+03,1.568481810000000032e-01
1.090000000000000000e+03,1.310703510000000016e-01
1.094000000000000000e+03,1.144139069999999953e-01
1.098000000000000000e+03,1.007318279999999955e-01
1.102000000000000000e+03,8.923094999999998944e-02
1.106000000000000000e+03,7.852323599999999626e-02
1.110000000000000000e+03,6.821210399999999563e-02
1.114000000000000000e+03,6.166850099999999363e-02
1.118000000000000000e+03,5.393515200000000009e-02
1.122000000000000000e+03,4.818471299999999707e-02
1.126000000000000000e+03,4.402060199999999895e-02
1.130000000000000000e+03,4.124452799999999558e-02
1.134000000000000000e+03,3.688212600000000119e-02
1.138000000000000000e+03,3.311459699999999562e-02
1.142000000000000000e+03,3.251972399999999985e-02
1.146000000000000000e+03,3.113168699999999817e-02
1.150000000000000000e+03,3.073510499999999868e-02
1.154000000000000000e+03,2.974364999999999995e-02
1.158000000000000000e+03,3.212314200000000036e-02
1.162000000000000000e+03,3.311459699999999562e-02
1.166000000000000000e+03,3.569237999999999578e-02
1.170000000000000000e+03,3.767529000000000017e-02
1.174000000000000000e+03,4.144281899999999880e-02
1.178000000000000000e+03,4.659838499999999911e-02
1.182000000000000000e+03,5.334027899999999739e-02
1.186000000000000000e+03,6.246166499999999955e-02
1.190000000000000000e+03,7.416083399999999493e-02
1.194000000000000000e+03,9.299847899999999501e-02
1.198000000000000000e+03,1.201643459999999913e-01
1.202000000000000000e+03,1.602191279999999884e-01
1.206000000000000000e+03,2.167320629999999748e-01
1.210000000000000000e+03,3.002125740000000098e-01
1.214000000000000000e+03,4.328692529999999539e-01
1.218000000000000000e+03,6.343329089999999448e-01
1.222000000000000000e+03,9.204668219999999623e-01
1.226000000000000000e+03,1.248440135999999923e+00
1.230000000000000000e+03,1.573439084999999960e+00
1.234000000000000000e+03,1.799094242999999871e+00
1.238000000000000000e+03,1.982909999999999950e+00
1.242000000000000000e+03,1.893282467999999996e+00
1.246000000000000000e+03,1.560748460999999976e+00
1.250000000000000000e+03,1.182012650999999970e+00
1.254000000000000000e+03,8.695060349999998994e-01
1.258000000000000000e+03,6.184696290000000207e-01
1.262000000000000000e+03,4.566641729999999511e-01
1.266000000000000000e+03,3.755631539999999546e-01
1.270000000000000000e+03,3.188519280000000067e-01
1.274000000000000000e+03,2.676928499999999822e-01
1.278000000000000000e+03,2.236722479999999902e-01
1.282000000000000000e+03,1.925405609999999990e-01
1.286000000000000000e+03,1.663661489999999910e-01
1.290000000000000000e+03,1.427695199999999831e-01
1.294000000000000000e+03,1.235352929999999905e-01
1.298000000000000000e+03,1.084651769999999960e-01
1.302000000000000000e+03,9.557626199999999517e-02
1.306000000000000000e+03,8.268734699999999438e-02
1.310000000000000000e+03,7.158305099999999477e-02
1.314000000000000000e+03,6.285824699999999210e-02
1.318000000000000000e+03,5.651293500000000025e-02
1.322000000000000000e+03,4.798642200000000080e-02
1.326000000000000000e+03,3.945990899999999441e-02
1.330000000000000000e+03,3.489921599999999680e-02
1.334000000000000000e+03,3.390776100000000154e-02
1.338000000000000000e+03,3.390776100000000154e-02
1.342000000000000000e+03,3.767529000000000017e-02
1.346000000000000000e+03,4.719325799999999488e-02
1.350000000000000000e+03,6.424628400000000072e-02
1.354000000000000000e+03,1.007318279999999955e-01
1.358000000000000000e+03,1.584345090000000011e-01
1.362000000000000000e+03,2.236722479999999902e-01
1.366000000000000000e+03,2.684860139999999951e-01
1.370000000000000000e+03,2.964450449999999626e-01
1.374000000000000000e+03,3.273784409999999645e-01
1.378000000000000000e+03,3.188519280000000067e-01
1.382000000000000000e+03,2.688825959999999737e-01
1.386000000000000000e+03,2.298192689999999927e-01
1.390000000000000000e+03,2.105850420000000001e-01
1.394000000000000000e+03,1.857986670000000007e-01
1.398000000000000000e+03,1.554601439999999946e-01
1.402000000000000000e+03,1.332515519999999953e-01
1.406000000000000000e+03,1.112412509999999993e-01
1.410000000000000000e+03,8.367880199999999657e-02
1.414000000000000000e+03,6.464286599999999328e-02
1.418000000000000000e+03,5.175395099999999943e-02
1.422000000000000000e+03,4.798642200000000080e-02
1.426000000000000000e+03,4.659838499999999911e-02
1.430000000000000000e+03,4.758983999999999437e-02
1.434000000000000000e+03,5.076249599999999723e-02
1.438000000000000000e+03,5.453002499999999586e-02
1.442000000000000000e+03,6.265995600000000276e-02
1.446000000000000000e+03,7.039330499999998936e-02
1.450000000000000000e+03,8.070443699999998999e-02
1.454000000000000000e+03,8.942924099999999266e-02
1.458000000000000000e+03,9.696429899999998991e-02
1.462000000000000000e+03,1.027147379999999999e-01
1.466000000000000000e+03,1.041027749999999946e-01
1.470000000000000000e+03,1.043010659999999978e-01
1.474000000000000000e+03,9.716258999999999313e-02
1.478000000000000000e+03,8.744633100000000214e-02
1.482000000000000000e+03,7.812665399999998983e-02
1.486000000000000000e+03,6.781552200000000308e-02
1.490000000000000000e+03,5.710780799999999602e-02
1.494000000000000000e+03,4.917616799999999927e-02
1.498000000000000000e+03,4.144281899999999880e-02
1.502000000000000000e+03,3.648554399999999476e-02
1.506000000000000000e+03,3.212314200000000036e-02
1.510000000000000000e+03,2.756244899999999928e-02
1.514000000000000000e+03,2.657099399999999709e-02
1.518000000000000000e+03,2.438979299999999989e-02
1.522000000000000000e+03,2.280346499999999846e-02
1.526000000000000000e+03,2.181200999999999973e-02
1.530000000000000000e+03,2.082055499999999754e-02
1.534000000000000000e+03,1.943251799999999932e-02
1.538000000000000000e+03,1.784618999999999789e-02
1.542000000000000000e+03,1.606157100000000018e-02
1.546000000000000000e+03,1.546669799999999921e-02
1.550000000000000000e+03,1.546669799999999921e-02
1.554000000000000000e+03,1.407866099999999926e-02
1.558000000000000000e+03,1.288891499999999905e-02
1.562000000000000000e+03,1.368207899999999977e-02
1.566000000000000000e+03,1.348378800000000002e-02
1.570000000000000000e+03,1.229404199999999982e-02
1.574000000000000000e+03,1.189745999999999859e-02
1.578000000000000000e+03,1.288891499999999905e-02
1.582000000000000000e+03,1.229404199999999982e-02
1.586000000000000000e+03,1.269062399999999931e-02
1.590000000000000000e+03,1.209575100000000007e-02
1.594000000000000000e+03,1.388036999999999951e-02
1.598000000000000000e+03,1.308720599999999880e-02
1.602000000000000000e+03,1.308720599999999880e-02
1.606000000000000000e+03,1.288891499999999905e-02
1.610000000000000000e+03,1.229404199999999982e-02
1.614000000000000000e+03,1.169916899999999885e-02
1.618000000000000000e+03,1.090600499999999987e-02
1.622000000000000000e+03,1.189745999999999859e-02
1.626000000000000000e+03,1.130258699999999936e-02
1.630000000000000000e+03,1.269062399999999931e-02
1.634000000000000000e+03,1.189745999999999859e-02
1.638000000000000000e+03,1.328549699999999854e-02
1.642000000000000000e+03,1.348378800000000002e-02
1.646000000000000000e+03,1.447524299999999875e-02
1.650000000000000000e+03,1.388036999999999951e-02
1.654000000000000000e+03,1.546669799999999921e-02
1.658000000000000000e+03,1.645815299999999967e-02
1.662000000000000000e+03,1.586328000000000044e-02
1.666000000000000000e+03,1.705302599999999891e-02
1.670000000000000000e+03,1.645815299999999967e-02
1.674000000000000000e+03,1.665644399999999942e-02
1.678000000000000000e+03,1.764789899999999814e-02
1.682000000000000000e+03,1.764789899999999814e-02
1.686000000000000000e+03,1.883764500000000008e-02
1.690000000000000000e+03,2.161371899999999999e-02
1.694000000000000000e+03,2.478637499999999938e-02
1.698000000000000000e+03,2.795903099999999877e-02
1.702000000000000000e+03,3.529579799999999629e-02
1.706000000000000000e+03,4.283085600000000048e-02
1.710000000000000000e+03,5.413344299999999637e-02
1.714000000000000000e+03,6.345312000000000174e-02
1.718000000000000000e+03,7.812665399999998983e-02
1.722000000000000000e+03,9.359335199999999078e-02
1.726000000000000000e+03,1.156036529999999868e-01
1.730000000000000000e+03,1.453473029999999833e-01
1.734000000000000000e+03,1.899627779999999988e-01
1.738000000000000000e+03,2.589680460000000073e-01
1.742000000000000000e+03,3.515699429999999959e-01
1.746000000000000000e+03,4.919599709999999959e-01
1.750000000000000000e+03,6.626885219999999466e-01
1.754000000000000000e+03,8.704974899999999849e-01
1.758000000000000000e+03,9.966105659999999755e-01
1.762000000000000000e+03,1.033492692000000046e+00
1.766000000000000000e+03,1.029923453999999960e+00
1.770000000000000000e+03,1.023974723999999892e+00
1.774000000000000000e+03,8.748598919999999168e-01
1.778000000000000000e+03,6.490064429999999884e-01
1.782000000000000000e+03,4.640009399999999729e-01
1.786000000000000000e+03,3.214297110000000068e-01
1.790000000000000000e+03,2.167320629999999748e-01
1.794000000000000000e+03,1.465370490000000026e-01
1.798000000000000000e+03,1.021198649999999902e-01
1.802000000000000000e+03,7.416083399999999493e-02
1.806000000000000000e+03,5.671122599999999653e-02
1.810000000000000000e+03,4.461547499999999472e-02
1.814000000000000000e+03,3.509750700000000001e-02
1.818000000000000000e+03,2.855390399999999801e-02
1.822000000000000000e+03,2.379491999999999718e-02
1.826000000000000000e+03,2.062226399999999779e-02
1.830000000000000000e+03,1.784618999999999789e-02
1.834000000000000000e+03,1.645815299999999967e-02
1.838000000000000000e+03,1.606157100000000018e-02
1.842000000000000000e+03,1.507011599999999972e-02
1.846000000000000000e+03,1.368207899999999977e-02
1.850000000000000000e+03,1.328549699999999854e-02
1.854000000000000000e+03,1.328549699999999854e-02
1.858000000000000000e+03,1.308720599999999880e-02
1.862000000000000000e+03,1.150087799999999910e-02
1.866000000000000000e+03,1.110429599999999961e-02
1.870000000000000000e+03,1.070771400000000012e-02
1.874000000000000000e+03,1.090600499999999987e-02
1.878000000000000000e+03,1.031113199999999890e-02
1.882000000000000000e+03,9.914549999999999405e-03
1.886000000000000000e+03,9.716258999999999660e-03
1.890000000000000000e+03,9.716258999999999660e-03
1.894000000000000000e+03,9.319677000000000169e-03
1.898000000000000000e+03,8.923094999999998944e-03
1.902000000000000000e+03,9.121385999999998689e-03
1.906000000000000000e+03,8.328221999999999708e-03
1.910000000000000000e+03,8.129930999999999963e-03
1.914000000000000000e+03,8.526512999999999454e-03
1.918000000000000000e+03,8.328221999999999708e-03
1.922000000000000000e+03,8.328221999999999708e-03
1.926000000000000000e+03,7.931640000000000218e-03
1.930000000000000000e+03,8.129930999999999963e-03
1.934000000000000000e+03,7.931640000000000218e-03
1.938000000000000000e+03,7.138475999999999502e-03
1.942000000000000000e+03,6.543602999999999399e-03
1.946000000000000000e+03,6.345311999999999654e-03
1.950000000000000000e+03,6.741894000000000012e-03
1.954000000000000000e+03,6.345311999999999654e-03
1.958000000000000000e+03,6.345311999999999654e-03
1.962000000000000000e+03,6.543602999999999399e-03
1.966000000000000000e+03,6.543602999999999399e-03
1.970000000000000000e+03,6.543602999999999399e-03
1.974000000000000000e+03,6.345311999999999654e-03
1.978000000000000000e+03,6.345311999999999654e-03
1.982000000000000000e+03,6.741894000000000012e-03
1.986000000000000000e+03,6.741894000000000012e-03
1.990000000000000000e+03,7.535057999999999860e-03
1.994000000000000000e+03,7.733348999999999605e-03
1.998000000000000000e+03,7.931640000000000218e-03
2.002000000000000000e+03,8.129930999999999963e-03
2.006000000000000000e+03,8.923094999999998944e-03
2.010000000000000000e+03,8.724803999999999199e-03
2.014000000000000000e+03,8.724803999999999199e-03
2.018000000000000000e+03,8.129930999999999963e-03
2.022000000000000000e+03,8.923094999999998944e-03
2.026000000000000000e+03,8.923094999999998944e-03
2.030000000000000000e+03,8.923094999999998944e-03
2.034000000000000000e+03,8.526512999999999454e-03
2.038000000000000000e+03,8.526512999999999454e-03
2.042000000000000000e+03,8.526512999999999454e-03
2.046000000000000000e+03,8.526512999999999454e-03
2.050000000000000000e+03,8.724803999999999199e-03
2.054000000000000000e+03,9.914549999999999405e-03
2.058000000000000000e+03,1.070771400000000012e-02
2.062000000000000000e+03,1.169916899999999885e-02
2.066000000000000000e+03,1.130258699999999936e-02
2.070000000000000000e+03,9.914549999999999405e-03
2.074000000000000000e+03,8.724803999999999199e-03
2.078000000000000000e+03,6.741894000000000012e-03
2.082000000000000000e+03,4.957274999999999703e-03
2.086000000000000000e+03,4.758983999999999957e-03
2.090000000000000000e+03,4.957274999999999703e-03
2.094000000000000000e+03,5.155565999999999448e-03
2.098000000000000000e+03,5.948729999999999296e-03
2.102000000000000000e+03,6.940184999999999757e-03
2.106000000000000000e+03,7.336766999999999248e-03
2.110000000000000000e+03,7.138475999999999502e-03
2.114000000000000000e+03,7.733348999999999605e-03
2.118000000000000000e+03,8.526512999999999454e-03
2.122000000000000000e+03,8.526512999999999454e-03
2.126000000000000000e+03,8.328221999999999708e-03
2.130000000000000000e+03,9.319677000000000169e-03
2.134000000000000000e+03,9.319677000000000169e-03
2.138000000000000000e+03,8.526512999999999454e-03
2.142000000000000000e+03,8.526512999999999454e-03
2.146000000000000000e+03,8.724803999999999199e-03
2.150000000000000000e+03,7.931640000000000218e-03
2.154000000000000000e+03,6.543602999999999399e-03
2.158000000000000000e+03,5.948729999999999296e-03
2.162000000000000000e+03,5.948729999999999296e-03
2.166000000000000000e+03,4.957274999999999703e-03
2.170000000000000000e+03,4.957274999999999703e-03
2.174000000000000000e+03,4.957274999999999703e-03
2.178000000000000000e+03,4.957274999999999703e-03
2.182000000000000000e+03,4.758983999999999957e-03
2.186000000000000000e+03,4.560692999999999345e-03
2.190000000000000000e+03,4.560692999999999345e-03
2.194000000000000000e+03,4.758983999999999957e-03
2.198000000000000000e+03,4.957274999999999703e-03
2.202000000000000000e+03,4.957274999999999703e-03
2.206000000000000000e+03,4.758983999999999957e-03
2.210000000000000000e+03,5.155565999999999448e-03
2.214000000000000000e+03,5.353857000000000060e-03
2.218000000000000000e+03,5.353857000000000060e-03
2.222000000000000000e+03,4.758983999999999957e-03
2.226000000000000000e+03,5.155565999999999448e-03
2.230000000000000000e+03,4.957274999999999703e-03
2.234000000000000000e+03,5.155565999999999448e-03
2.238000000000000000e+03,4.957274999999999703e-03
2.242000000000000000e+03,5.353857000000000060e-03
2.246000000000000000e+03,5.155565999999999448e-03
2.250000000000000000e+03,4.957274999999999703e-03
2.254000000000000000e+03,5.552147999999999806e-03
2.258000000000000000e+03,5.353857000000000060e-03
2.262000000000000000e+03,4.957274999999999703e-03
2.266000000000000000e+03,5.353857000000000060e-03
2.270000000000000000e+03,5.750438999999999551e-03
2.274000000000000000e+03,5.353857000000000060e-03
2.278000000000000000e+03,4.758983999999999957e-03
2.282000000000000000e+03,3.965820000000000109e-03
2.286000000000000000e+03,4.758983999999999957e-03
2.290000000000000000e+03,3.965820000000000109e-03
2.294000000000000000e+03,3.172655999999999827e-03
2.298000000000000000e+03,2.577782999999999724e-03
2.302000000000000000e+03,2.776073999999999903e-03
2.306000000000000000e+03,1.388036999999999951e-03
2.310000000000000000e+03,0.000000000000000000e+00
2.314000000000000000e+03,1.982909999999999892e-04
2.318000000000000000e+03,3.965819999999999784e-04
2.322000000000000000e+03,3.965819999999999784e-04
2.326000000000000000e+03,7.931639999999999567e-04
2.330000000000000000e+03,2.181200999999999800e-03
2.334000000000000000e+03,5.155565999999999448e-03
2.338000000000000000e+03,4.362401999999999599e-03
2.342000000000000000e+03,4.362401999999999599e-03
2.346000000000000000e+03,6.345311999999999654e-03
2.350000000000000000e+03,3.370947000000000006e-03
2.354000000000000000e+03,0.000000000000000000e+00
2.358000000000000000e+03,0.000000000000000000e+00
2.362000000000000000e+03,5.552147999999999806e-03
2.366000000000000000e+03,1.090600499999999987e-02
2.370000000000000000e+03,1.348378800000000002e-02
2.374000000000000000e+03,1.288891499999999905e-02
2.378000000000000000e+03,1.328549699999999854e-02
2.382000000000000000e+03,9.716258999999999660e-03
2.386000000000000000e+03,7.733348999999999605e-03
2.390000000000000000e+03,6.147020999999999909e-03
2.394000000000000000e+03,6.741894000000000012e-03
2.398000000000000000e+03,6.345311999999999654e-03
2.402000000000000000e+03,6.147020999999999909e-03
2.406000000000000000e+03,5.948729999999999296e-03
2.410000000000000000e+03,6.543602999999999399e-03
2.414000000000000000e+03,5.948729999999999296e-03
2.418000000000000000e+03,5.750438999999999551e-03
2.422000000000000000e+03,6.345311999999999654e-03
2.426000000000000000e+03,6.543602999999999399e-03
2.430000000000000000e+03,6.940184999999999757e-03
2.434000000000000000e+03,6.543602999999999399e-03
2.438000000000000000e+03,6.345311999999999654e-03
2.442000000000000000e+03,6.543602999999999399e-03
2.446000000000000000e+03,7.336766999999999248e-03
2.450000000000000000e+03,7.138475999999999502e-03
2.454000000000000000e+03,7.733348999999999605e-03
2.458000000000000000e+03,7.733348999999999605e-03
2.462000000000000000e+03,7.733348999999999605e-03
2.466000000000000000e+03,7.535057999999999860e-03
2.470000000000000000e+03,7.733348999999999605e-03
2.474000000000000000e+03,7.931640000000000218e-03
2.478000000000000000e+03,7.733348999999999605e-03
2.482000000000000000e+03,7.336766999999999248e-03
2.486000000000000000e+03,7.138475999999999502e-03
2.490000000000000000e+03,7.138475999999999502e-03
2.494000000000000000e+03,6.741894000000000012e-03
2.498000000000000000e+03,6.543602999999999399e-03
2.502000000000000000e+03,6.741894000000000012e-03
2.506000000000000000e+03,6.147020999999999909e-03
2.510000000000000000e+03,5.948729999999999296e-03
2.514000000000000000e+03,5.552147999999999806e-03
2.518000000000000000e+03,6.345311999999999654e-03
2.522000000000000000e+03,5.353857000000000060e-03
2.526000000000000000e+03,4.758983999999999957e-03
2.530000000000000000e+03,5.353857000000000060e-03
2.534000000000000000e+03,5.353857000000000060e-03
2.538000000000000000e+03,4.957274999999999703e-03
2.542000000000000000e+03,4.957274999999999703e-03
2.546000000000000000e+03,4.560692999999999345e-03
2.550000000000000000e+03,4.164110999999999854e-03
2.554000000000000000e+03,4.362401999999999599e-03
2.558000000000000000e+03,4.758983999999999957e-03
2.562000000000000000e+03,4.758983999999999957e-03
2.566000000000000000e+03,4.560692999999999345e-03
2.570000000000000000e+03,4.758983999999999957e-03
2.574000000000000000e+03,4.957274999999999703e-03
2.578000000000000000e+03,5.155565999999999448e-03
2.582000000000000000e+03,5.750438999999999551e-03
2.586000000000000000e+03,5.948729999999999296e-03
2.590000000000000000e+03,6.147020999999999909e-03
2.594000000000000000e+03,7.138475999999999502e-03
2.598000000000000000e+03,7.138475999999999502e-03
2.602000000000000000e+03,7.336766999999999248e-03
2.606000000000000000e+03,7.931640000000000218e-03
2.610000000000000000e+03,8.526512999999999454e-03
2.614000000000000000e+03,7.931640000000000218e-03
2.618000000000000000e+03,6.741894000000000012e-03
2.622000000000000000e+03,6.940184999999999757e-03
2.626000000000000000e+03,7.138475999999999502e-03
2.630000000000000000e+03,7.138475999999999502e-03
2.634000000000000000e+03,5.552147999999999806e-03
2.638000000000000000e+03,5.155565999999999448e-03
2.642000000000000000e+03,6.741894000000000012e-03
2.646000000000000000e+03,6.741894000000000012e-03
2.650000000000000000e+03,5.353857000000000060e-03
2.654000000000000000e+03,4.362401999999999599e-03
2.658000000000000000e+03,3.370947000000000006e-03
2.662000000000000000e+03,2.577782999999999724e-03
2.666000000000000000e+03,1.586327999999999913e-03
2.670000000000000000e+03,5.948729999999999947e-04
2.674000000000000000e+03,1.189745999999999989e-03
2.678000000000000000e+03,2.181200999999999800e-03
2.682000000000000000e+03,2.181200999999999800e-03
2.686000000000000000e+03,2.776073999999999903e-03
2.690000000000000000e+03,2.974364999999999648e-03
2.694000000000000000e+03,2.776073999999999903e-03
2.698000000000000000e+03,2.974364999999999648e-03
2.702000000000000000e+03,3.172655999999999827e-03
2.706000000000000000e+03,3.965820000000000109e-03
2.710000000000000000e+03,4.362401999999999599e-03
2.714000000000000000e+03,5.750438999999999551e-03
2.718000000000000000e+03,5.948729999999999296e-03
2.722000000000000000e+03,6.741894000000000012e-03
2.726000000000000000e+03,7.535057999999999860e-03
2.730000000000000000e+03,7.931640000000000218e-03
2.734000000000000000e+03,9.517967999999999915e-03
2.738000000000000000e+03,1.050942299999999864e-02
2.742000000000000000e+03,1.011284099999999915e-02
2.746000000000000000e+03,1.070771400000000012e-02
2.750000000000000000e+03,1.130258699999999936e-02
2.754000000000000000e+03,1.169916899999999885e-02
2.758000000000000000e+03,1.110429599999999961e-02
2.762000000000000000e+03,1.110429599999999961e-02
2.766000000000000000e+03,1.130258699999999936e-02
2.770000000000000000e+03,9.914549999999999405e-03
2.774000000000000000e+03,8.923094999999998944e-03
2.778000000000000000e+03,9.914549999999999405e-03
2.782000000000000000e+03,9.121385999999998689e-03
2.786000000000000000e+03,1.011284099999999915e-02
2.790000000000000000e+03,9.716258999999999660e-03
2.794000000000000000e+03,1.050942299999999864e-02
2.798000000000000000e+03,1.011284099999999915e-02
2.802000000000000000e+03,9.914549999999999405e-03
2.806000000000000000e+03,1.070771400000000012e-02
2.810000000000000000e+03,1.130258699999999936e-02
2.814000000000000000e+03,1.249233299999999956e-02
2.818000000000000000e+03,1.308720599999999880e-02
2.822000000000000000e+03,1.407866099999999926e-02
2.826000000000000000e+03,1.566498900000000069e-02
2.830000000000000000e+03,1.685473499999999916e-02
2.834000000000000000e+03,1.784618999999999789e-02
2.838000000000000000e+03,2.042397299999999805e-02
2.842000000000000000e+03,2.260517399999999871e-02
2.846000000000000000e+03,2.577782999999999811e-02
2.850000000000000000e+03,2.954535899999999674e-02
2.854000000000000000e+03,3.450263399999999731e-02
2.858000000000000000e+03,4.104623699999999931e-02
2.862000000000000000e+03,4.818471299999999707e-02
2.866000000000000000e+03,5.472831599999999908e-02
2.870000000000000000e+03,6.246166499999999955e-02
2.874000000000000000e+03,7.237621499999999375e-02
2.878000000000000000e+03,8.605829399999999352e-02
2.882000000000000000e+03,1.050942299999999968e-01
2.886000000000000000e+03,1.233370019999999873e-01
2.890000000000000000e+03,1.326566789999999996e-01
2.894000000000000000e+03,1.403900280000000000e-01
2.898000000000000000e+03,1.457438849999999897e-01
2.902000000000000000e+03,1.429678110000000002e-01
2.906000000000000000e+03,1.300788959999999994e-01
2.910000000000000000e+03,1.237335839999999937e-01
2.914000000000000000e+03,1.229404199999999947e-01
2.918000000000000000e+03,1.249233299999999991e-01
2.922000000000000000e+03,1.312686419999999909e-01
2.926000000000000000e+03,1.429678110000000002e-01
2.930000000000000000e+03,1.598225459999999820e-01
2.934000000000000000e+03,1.794533549999999811e-01
2.938000000000000000e+03,2.038431480000000018e-01
2.942000000000000000e+03,2.296209779999999756e-01
2.946000000000000000e+03,2.488552049999999960e-01
2.950000000000000000e+03,2.653133579999999991e-01
2.954000000000000000e+03,2.859356220000000004e-01
2.958000000000000000e+03,3.045749759999999973e-01
2.962000000000000000e+03,3.248006579999999643e-01
2.966000000000000000e+03,3.456212129999999827e-01
2.970000000000000000e+03,3.789341009999999677e-01
2.974000000000000000e+03,4.261273589999999833e-01
2.978000000000000000e+03,4.437752579999999503e-01
2.982000000000000000e+03,4.179974280000000042e-01
2.986000000000000000e+03,3.809170109999999720e-01
2.990000000000000000e+03,3.305510969999999604e-01
2.994000000000000000e+03,2.623389929999999648e-01
2.998000000000000000e+03,1.873849949999999986e-01
3.002000000000000000e+03,1.308720599999999845e-01
3.006000000000000000e+03,9.557626199999999517e-02
3.010000000000000000e+03,7.257450599999999696e-02
3.014000000000000000e+03,5.790097199999999500e-02
3.018000000000000000e+03,4.719325799999999488e-02
3.022000000000000000e+03,4.243427400000000099e-02
3.026000000000000000e+03,3.906332699999999492e-02
3.030000000000000000e+03,3.668383499999999797e-02
3.034000000000000000e+03,3.470092500000000052e-02
3.038000000000000000e+03,3.331288799999999883e-02
3.042000000000000000e+03,3.251972399999999985e-02
3.046000000000000000e+03,2.994194099999999970e-02
3.050000000000000000e+03,2.974364999999999995e-02
3.054000000000000000e+03,2.934706799999999699e-02
3.058000000000000000e+03,2.776073999999999903e-02
3.062000000000000000e+03,2.676928499999999683e-02
3.066000000000000000e+03,2.498466599999999913e-02
3.070000000000000000e+03,2.498466599999999913e-02
3.074000000000000000e+03,2.359662899999999744e-02
3.078000000000000000e+03,2.121713700000000050e-02
3.082000000000000000e+03,2.082055499999999754e-02
3.086000000000000000e+03,2.022568199999999830e-02
3.090000000000000000e+03,1.883764500000000008e-02
3.094000000000000000e+03,1.665644399999999942e-02
3.098000000000000000e+03,1.645815299999999967e-02
3.102000000000000000e+03,1.566498900000000069e-02
3.106000000000000000e+03,1.407866099999999926e-02
3.110000000000000000e+03,1.368207899999999977e-02
3.114000000000000000e+03,1.328549699999999854e-02
3.118000000000000000e+03,1.229404199999999982e-02
3.122000000000000000e+03,1.169916899999999885e-02
3.126000000000000000e+03,1.110429599999999961e-02
3.130000000000000000e+03,1.110429599999999961e-02
3.134000000000000000e+03,1.070771400000000012e-02
3.138000000000000000e+03,9.517967999999999915e-03
3.142000000000000000e+03,8.724803999999999199e-03
3.146000000000000000e+03,8.923094999999998944e-03
3.150000000000000000e+03,8.724803999999999199e-03
3.154000000000000000e+03,8.129930999999999963e-03
3.158000000000000000e+03,8.129930999999999963e-03
3.162000000000000000e+03,8.129930999999999963e-03
3.166000000000000000e+03,7.931640000000000218e-03
3.170000000000000000e+03,6.940184999999999757e-03
3.174000000000000000e+03,7.535057999999999860e-03
3.178000000000000000e+03,8.129930999999999963e-03
3.182000000000000000e+03,7.931640000000000218e-03
3.186000000000000000e+03,6.741894000000000012e-03
3.190000000000000000e+03,6.940184999999999757e-03
3.194000000000000000e+03,7.733348999999999605e-03
3.198000000000000000e+03,6.147020999999999909e-03
3.202000000000000000e+03,5.353857000000000060e-03
3.206000000000000000e+03,5.552147999999999806e-03
3.210000000000000000e+03,6.741894000000000012e-03
3.214000000000000000e+03,5.155565999999999448e-03
3.218000000000000000e+03,5.750438999999999551e-03
3.222000000000000000e+03,5.948729999999999296e-03
3.226000000000000000e+03,5.948729999999999296e-03
3.230000000000000000e+03,5.353857000000000060e-03
3.234000000000000000e+03,6.345311999999999654e-03
3.238000000000000000e+03,5.353857000000000060e-03
3.242000000000000000e+03,5.750438999999999551e-03
3.246000000000000000e+03,5.552147999999999806e-03
3.250000000000000000e+03,6.940184999999999757e-03
3.254000000000000000e+03,7.535057999999999860e-03
3.258000000000000000e+03,6.345311999999999654e-03
3.262000000000000000e+03,7.931640000000000218e-03
3.266000000000000000e+03,6.345311999999999654e-03
3.270000000000000000e+03,7.336766999999999248e-03
3.274000000000000000e+03,5.948729999999999296e-03
3.278000000000000000e+03,5.353857000000000060e-03
3.282000000000000000e+03,4.560692999999999345e-03
3.286000000000000000e+03,4.560692999999999345e-03
3.290000000000000000e+03,2.379491999999999979e-03
3.294000000000000000e+03,1.982910000000000054e-03
3.298000000000000000e+03,9.914550000000000272e-04
3.302000000000000000e+03,1.784618999999999876e-03
3.306000000000000000e+03,3.172655999999999827e-03
3.310000000000000000e+03,2.974364999999999648e-03
3.314000000000000000e+03,3.172655999999999827e-03
3.318000000000000000e+03,2.379491999999999979e-03
3.322000000000000000e+03,3.965820000000000109e-03
3.326000000000000000e+03,3.965820000000000109e-03
3.330000000000000000e+03,3.965820000000000109e-03
3.334000000000000000e+03,3.767528999999999930e-03
3.338000000000000000e+03,2.181200999999999800e-03
3.342000000000000000e+03,3.172655999999999827e-03
3.346000000000000000e+03,2.776073999999999903e-03
3.350000000000000000e+03,3.569237999999999751e-03
3.354000000000000000e+03,3.172655999999999827e-03
3.358000000000000000e+03,3.569237999999999751e-03
3.362000000000000000e+03,4.362401999999999599e-03
3.366000000000000000e+03,3.172655999999999827e-03
3.370000000000000000e+03,3.569237999999999751e-03
3.374000000000000000e+03,3.569237999999999751e-03
3.378000000000000000e+03,4.164110999999999854e-03
3.382000000000000000e+03,4.560692999999999345e-03
3.386000000000000000e+03,4.362401999999999599e-03
3.390000000000000000e+03,3.569237999999999751e-03
3.394000000000000000e+03,4.362401999999999599e-03
3.398000000000000000e+03,3.172655999999999827e-03
3.402000000000000000e+03,3.569237999999999751e-03
3.406000000000000000e+03,3.767528999999999930e-03
3.410000000000000000e+03,4.164110999999999854e-03
3.414000000000000000e+03,4.362401999999999599e-03
3.418000000000000000e+03,3.172655999999999827e-03
3.422000000000000000e+03,3.370947000000000006e-03
3.426000000000000000e+03,2.974364999999999648e-03
3.430000000000000000e+03,3.767528999999999930e-03
3.434000000000000000e+03,3.569237999999999751e-03
3.438000000000000000e+03,3.767528999999999930e-03
3.442000000000000000e+03,1.784618999999999876e-03
3.446000000000000000e+03,1.784618999999999876e-03
3.450000000000000000e+03,1.388036999999999951e-03
3.454000000000000000e+03,2.379491999999999979e-03
3.458000000000000000e+03,1.586327999999999913e-03
3.462000000000000000e+03,2.776073999999999903e-03
3.466000000000000000e+03,3.569237999999999751e-03
3.470000000000000000e+03,2.974364999999999648e-03
3.474000000000000000e+03,3.370947000000000006e-03
3.478000000000000000e+03,3.370947000000000006e-03
3.482000000000000000e+03,3.370947000000000006e-03
3.486000000000000000e+03,5.155565999999999448e-03
3.490000000000000000e+03,7.138475999999999502e-03
3.494000000000000000e+03,9.914549999999999405e-03
3.498000000000000000e+03,1.031113199999999890e-02
3.502000000000000000e+03,1.011284099999999915e-02
3.506000000000000000e+03,1.031113199999999890e-02
3.510000000000000000e+03,1.189745999999999859e-02
3.514000000000000000e+03,1.150087799999999910e-02
3.518000000000000000e+03,1.070771400000000012e-02
3.522000000000000000e+03,8.129930999999999963e-03
3.526000000000000000e+03,5.948729999999999296e-03
3.530000000000000000e+03,4.560692999999999345e-03
3.534000000000000000e+03,4.164110999999999854e-03
3.538000000000000000e+03,4.362401999999999599e-03
3.542000000000000000e+03,3.965820000000000109e-03
3.546000000000000000e+03,3.370947000000000006e-03
3.550000000000000000e+03,3.569237999999999751e-03
3.554000000000000000e+03,3.370947000000000006e-03
3.558000000000000000e+03,3.370947000000000006e-03
3.562000000000000000e+03,4.362401999999999599e-03
3.566000000000000000e+03,2.776073999999999903e-03
3.570000000000000000e+03,3.767528999999999930e-03
3.574000000000000000e+03,4.560692999999999345e-03
3.578000000000000000e+03,5.353857000000000060e-03
3.582000000000000000e+03,4.560692999999999345e-03
3.586000000000000000e+03,4.560692999999999345e-03
3.590000000000000000e+03,4.758983999999999957e-03
3.594000000000000000e+03,4.758983999999999957e-03
3.598000000000000000e+03,6.940184999999999757e-03
3.602000000000000000e+03,6.940184999999999757e-03
3.606000000000000000e+03,5.750438999999999551e-03
3.610000000000000000e+03,5.948729999999999296e-03
3.614000000000000000e+03,4.164110999999999854e-03
3.618000000000000000e+03,5.155565999999999448e-03
3.622000000000000000e+03,5.552147999999999806e-03
3.626000000000000000e+03,4.758983999999999957e-03
3.630000000000000000e+03,4.758983999999999957e-03
3.634000000000000000e+03,4.957274999999999703e-03
3.638000000000000000e+03,5.948729999999999296e-03
3.642000000000000000e+03,6.543602999999999399e-03
3.646000000000000000e+03,3.370947000000000006e-03
3.650000000000000000e+03,5.750438999999999551e-03
3.654000000000000000e+03,6.543602999999999399e-03
3.658000000000000000e+03,8.129930999999999963e-03
3.662000000000000000e+03,5.750438999999999551e-03
3.666000000000000000e+03,5.552147999999999806e-03
3.670000000000000000e+03,5.750438999999999551e-03
3.674000000000000000e+03,5.948729999999999296e-03
3.678000000000000000e+03,6.543602999999999399e-03
3.682000000000000000e+03,6.741894000000000012e-03
3.686000000000000000e+03,6.543602999999999399e-03
3.690000000000000000e+03,6.345311999999999654e-03
3.694000000000000000e+03,5.552147999999999806e-03
3.698000000000000000e+03,6.345311999999999654e-03
3.702000000000000000e+03,7.733348999999999605e-03
3.706000000000000000e+03,6.543602999999999399e-03
3.710000000000000000e+03,5.750438999999999551e-03
3.714000000000000000e+03,7.733348999999999605e-03
3.718000000000000000e+03,5.353857000000000060e-03
3.722000000000000000e+03,4.957274999999999703e-03
3.726000000000000000e+03,5.948729999999999296e-03
3.730000000000000000e+03,7.138475999999999502e-03
3.734000000000000000e+03,7.336766999999999248e-03
3.738000000000000000e+03,8.129930999999999963e-03
3.742000000000000000e+03,6.741894000000000012e-03
3.746000000000000000e+03,6.741894000000000012e-03
3.750000000000000000e+03,7.733348999999999605e-03
3.754000000000000000e+03,6.147020999999999909e-03
3.758000000000000000e+03,6.543602999999999399e-03
3.762000000000000000e+03,7.733348999999999605e-03
3.766000000000000000e+03,7.336766999999999248e-03
3.770000000000000000e+03,6.147020999999999909e-03
3.774000000000000000e+03,7.535057999999999860e-03
3.778000000000000000e+03,6.741894000000000012e-03
3.782000000000000000e+03,9.121385999999998689e-03
3.786000000000000000e+03,8.129930999999999963e-03
3.790000000000000000e+03,5.552147999999999806e-03
3.794000000000000000e+03,7.733348999999999605e-03
3.798000000000000000e+03,6.543602999999999399e-03
3.802000000000000000e+03,4.957274999999999703e-03
3.806000000000000000e+03,6.345311999999999654e-03
3.810000000000000000e+03,5.948729999999999296e-03
3.814000000000000000e+03,6.940184999999999757e-03
3.818000000000000000e+03,6.147020999999999909e-03
3.822000000000000000e+03,8.923094999999998944e-03
3.826000000000000000e+03,7.931640000000000218e-03
3.830000000000000000e+03,4.560692999999999345e-03
3.834000000000000000e+03,6.345311999999999654e-03
3.838000000000000000e+03,6.345311999999999654e-03
3.842000000000000000e+03,6.147020999999999909e-03
3.846000000000000000e+03,6.345311999999999654e-03
3.850000000000000000e+03,7.931640000000000218e-03
3.854000000000000000e+03,7.336766999999999248e-03
3.858000000000000000e+03,7.336766999999999248e-03
3.862000000000000000e+03,5.353857000000000060e-03
3.866000000000000000e+03,5.155565999999999448e-03
3.870000000000000000e+03,7.733348999999999605e-03
3.874000000000000000e+03,8.129930999999999963e-03
3.878000000000000000e+03,9.517967999999999915e-03
3.882000000000000000e+03,6.543602999999999399e-03
3.886000000000000000e+03,8.724803999999999199e-03
3.890000000000000000e+03,7.931640000000000218e-03
3.894000000000000000e+03,7.535057999999999860e-03
3.898000000000000000e+03,8.923094999999998944e-03
3.902000000000000000e+03,8.923094999999998944e-03
3.906000000000000000e+03,7.138475999999999502e-03
3.910000000000000000e+03,9.121385999999998689e-03
3.914000000000000000e+03,6.741894000000000012e-03
3.918000000000000000e+03,8.129930999999999963e-03
3.922000000000000000e+03,6.543602999999999399e-03
3.926000000000000000e+03,9.517967999999999915e-03
3.930000000000000000e+03,4.957274999999999703e-03
3.934000000000000000e+03,3.370947000000000006e-03
3.938000000000000000e+03,8.526512999999999454e-03
3.942000000000000000e+03,4.164110999999999854e-03
3.946000000000000000e+03,4.957274999999999703e-03
3.950000000000000000e+03,3.569237999999999751e-03
3.954000000000000000e+03,6.345311999999999654e-03
3.958000000000000000e+03,7.535057999999999860e-03
3.962000000000000000e+03,7.535057999999999860e-03
3.966000000000000000e+03,5.353857000000000060e-03
