4.500000000000000000e+02,7.983682699999999910e-02
4.540000000000000000e+02,3.101205800000000207e-02
4.580000000000000000e+02,5.894854000000000586e-03
4.620000000000000000e+02,1.435268800000000060e-02
4.660000000000000000e+02,1.063636700000000074e-02
4.700000000000000000e+02,1.678751900000000075e-02
4.740000000000000000e+02,1.012377100000000016e-02
4.780000000000000000e+02,1.422453900000000132e-02
4.820000000000000000e+02,1.178970800000000117e-02
4.860000000000000000e+02,1.217415500000000074e-02
4.900000000000000000e+02,1.255860200000000031e-02
4.940000000000000000e+02,1.550602900000000103e-02
4.980000000000000000e+02,2.255422400000000119e-02
5.020000000000000000e+02,1.204600600000000146e-02
5.060000000000000000e+02,2.165718100000000104e-02
5.100000000000000000e+02,2.152903200000000003e-02
5.140000000000000000e+02,2.985871700000000337e-02
5.180000000000000000e+02,2.588609800000000322e-02
5.220000000000000000e+02,2.191347900000000307e-02
5.260000000000000000e+02,7.048195000000000154e-03
5.300000000000000000e+02,1.960679700000000220e-02
5.340000000000000000e+02,1.653122100000000219e-02
5.380000000000000000e+02,1.409639000000000031e-02
5.420000000000000000e+02,1.178970800000000117e-02
5.460000000000000000e+02,1.089266500000000103e-02
5.500000000000000000e+02,1.794086000000000292e-02
5.540000000000000000e+02,2.216977700000000162e-02
5.580000000000000000e+02,1.435268800000000060e-02
5.620000000000000000e+02,2.050384000000000234e-02
5.660000000000000000e+02,9.483026000000000302e-03
5.700000000000000000e+02,1.986309500000000075e-02
5.740000000000000000e+02,9.867472999999999869e-03
5.780000000000000000e+02,4.997811000000000441e-03
5.820000000000000000e+02,1.384009200000000175e-02
5.860000000000000000e+02,8.714132000000001169e-03
5.900000000000000000e+02,9.739324000000000592e-03
5.940000000000000000e+02,1.038006900000000045e-02
5.980000000000000000e+02,8.714132000000001169e-03
6.020000000000000000e+02,1.255860200000000031e-02
6.060000000000000000e+02,8.714132000000001169e-03
6.100000000000000000e+02,1.332749600000000118e-02
6.140000000000000000e+02,9.739324000000000592e-03
6.180000000000000000e+02,1.601862500000000161e-02
6.220000000000000000e+02,0.000000000000000000e+00
6.260000000000000000e+02,6.791897000000000732e-03
6.300000000000000000e+02,1.153341000000000088e-02
6.340000000000000000e+02,1.038006900000000045e-02
6.380000000000000000e+02,1.102081400000000030e-02
6.420000000000000000e+02,1.255860200000000031e-02
6.460000000000000000e+02,1.089266500000000103e-02
6.500000000000000000e+02,1.448083700000000161e-02
6.540000000000000000e+02,1.448083700000000161e-02
6.580000000000000000e+02,1.486528400000000118e-02
6.620000000000000000e+02,1.576232699999999959e-02
6.660000000000000000e+02,1.665936999999999973e-02
6.700000000000000000e+02,2.216977700000000162e-02
6.740000000000000000e+02,2.114458500000000046e-02
6.780000000000000000e+02,2.511720400000000061e-02
6.820000000000000000e+02,2.742388600000000148e-02
6.860000000000000000e+02,3.114020700000000308e-02
6.900000000000000000e+02,4.126397799999999977e-02
6.940000000000000000e+02,4.754327900000000079e-02
6.980000000000000000e+02,6.010188100000000283e-02
7.020000000000000000e+02,7.612050600000000444e-02
7.060000000000000000e+02,1.011095610000000006e-01
7.100000000000000000e+02,1.354534930000000081e-01
7.140000000000000000e+02,1.869693910000000125e-01
7.180000000000000000e+02,2.486090600000000206e-01
7.220000000000000000e+02,3.208850960000000363e-01
7.260000000000000000e+02,3.867536820000000430e-01
7.300000000000000000e+02,4.512126290000000317e-01
7.340000000000000000e+02,4.803024520000000464e-01
7.380000000000000000e+02,4.968336730000000312e-01
7.420000000000000000e+02,4.823528360000000070e-01
7.460000000000000000e+02,4.450614770000000386e-01
7.500000000000000000e+02,4.217383590000000071e-01
7.540000000000000000e+02,3.986715390000000192e-01
7.580000000000000000e+02,3.854721920000000468e-01
7.620000000000000000e+02,3.476682370000000466e-01
7.660000000000000000e+02,2.996123620000000209e-01
7.700000000000000000e+02,2.573231920000000339e-01
7.740000000000000000e+02,2.008094830000000108e-01
7.780000000000000000e+02,1.565980780000000017e-01
7.820000000000000000e+02,1.184096760000000054e-01
7.860000000000000000e+02,9.598360100000000172e-02
7.900000000000000000e+02,7.624865500000001239e-02
7.940000000000000000e+02,6.061447700000000688e-02
7.980000000000000000e+02,4.972181200000000412e-02
8.020000000000000000e+02,4.011063700000000454e-02
8.060000000000000000e+02,3.716321000000000208e-02
8.100000000000000000e+02,3.075576000000000351e-02
8.140000000000000000e+02,2.357941600000000235e-02
8.180000000000000000e+02,2.921797200000000178e-02
8.220000000000000000e+02,2.255422400000000119e-02
8.260000000000000000e+02,2.319496900000000278e-02
8.300000000000000000e+02,2.140088300000000249e-02
8.340000000000000000e+02,2.191347900000000307e-02
8.380000000000000000e+02,2.370756500000000336e-02
8.420000000000000000e+02,2.345126700000000133e-02
8.460000000000000000e+02,2.665499200000000235e-02
8.500000000000000000e+02,2.434831000000000148e-02
8.540000000000000000e+02,2.422016100000000047e-02
8.580000000000000000e+02,2.088828700000000191e-02
8.620000000000000000e+02,2.229792600000000263e-02
8.660000000000000000e+02,1.896605200000000060e-02
8.700000000000000000e+02,1.422453900000000132e-02
8.740000000000000000e+02,1.435268800000000060e-02
8.780000000000000000e+02,1.345564500000000045e-02
8.820000000000000000e+02,1.255860200000000031e-02
8.860000000000000000e+02,1.409639000000000031e-02
8.900000000000000000e+02,1.294304900000000161e-02
8.940000000000000000e+02,1.371194300000000074e-02
8.980000000000000000e+02,1.422453900000000132e-02
9.020000000000000000e+02,1.512158200000000147e-02
9.060000000000000000e+02,1.614677400000000262e-02
9.100000000000000000e+02,1.614677400000000262e-02
9.140000000000000000e+02,1.781271100000000190e-02
9.180000000000000000e+02,1.858160500000000104e-02
9.220000000000000000e+02,1.870975400000000205e-02
9.260000000000000000e+02,1.973494599999999974e-02
9.300000000000000000e+02,1.935049900000000017e-02
9.340000000000000000e+02,2.101643600000000292e-02
9.380000000000000000e+02,2.024754200000000032e-02
9.420000000000000000e+02,2.140088300000000249e-02
9.460000000000000000e+02,2.281052200000000321e-02
9.500000000000000000e+02,2.281052200000000321e-02
9.540000000000000000e+02,2.652684300000000134e-02
9.580000000000000000e+02,2.691129000000000090e-02
9.620000000000000000e+02,3.075576000000000351e-02
9.660000000000000000e+02,3.383133600000000352e-02
9.700000000000000000e+02,3.882914700000000136e-02
9.740000000000000000e+02,4.715883200000000469e-02
9.780000000000000000e+02,5.420702700000000485e-02
9.820000000000000000e+02,6.420264900000000052e-02
9.860000000000000000e+02,7.330122800000000993e-02
9.900000000000000000e+02,8.188721100000000142e-02
9.940000000000000000e+02,9.277987600000001112e-02
9.980000000000000000e+02,1.064918190000000014e-01
1.002000000000000000e+03,1.307119800000000054e-01
1.006000000000000000e+03,1.704381699999999999e-01
1.010000000000000000e+03,2.406638220000000272e-01
1.014000000000000000e+03,3.525378990000000434e-01
1.018000000000000000e+03,5.116989570000000098e-01
1.022000000000000000e+03,7.254514890000000049e-01
1.026000000000000000e+03,9.449707260000000941e-01
1.030000000000000000e+03,1.147830593000000121e+00
1.034000000000000000e+03,1.252272028000000148e+00
1.038000000000000000e+03,1.281490000000000018e+00
1.042000000000000000e+03,1.231640039000000186e+00
1.046000000000000000e+03,1.084396837999999974e+00
1.050000000000000000e+03,8.510375090000000808e-01
1.054000000000000000e+03,6.035817900000000069e-01
1.058000000000000000e+03,4.264798720000000376e-01
1.062000000000000000e+03,3.330592510000000006e-01
1.066000000000000000e+03,2.814152040000000299e-01
1.070000000000000000e+03,2.527098280000000252e-01
1.074000000000000000e+03,2.246451970000000187e-01
1.078000000000000000e+03,1.946583310000000178e-01
1.082000000000000000e+03,1.704381699999999999e-01
1.086000000000000000e+03,1.440394759999999996e-01
1.090000000000000000e+03,1.230230400000000140e-01
1.094000000000000000e+03,1.064918190000000014e-01
1.098000000000000000e+03,9.713694200000000389e-02
1.102000000000000000e+03,9.085764100000000287e-02
1.106000000000000000e+03,8.457834000000000185e-02
1.110000000000000000e+03,8.086201900000000720e-02
1.114000000000000000e+03,7.637680400000000647e-02
1.118000000000000000e+03,7.355752600000001196e-02
1.122000000000000000e+03,6.958490700000000140e-02
1.126000000000000000e+03,6.484339399999999864e-02
1.130000000000000000e+03,6.163966900000000110e-02
1.134000000000000000e+03,5.664185800000000326e-02
1.138000000000000000e+03,5.446332500000000687e-02
1.142000000000000000e+03,5.190034500000000051e-02
1.146000000000000000e+03,4.933736500000000108e-02
1.150000000000000000e+03,4.984996100000000513e-02
1.154000000000000000e+03,5.061885500000000426e-02
1.158000000000000000e+03,5.382258000000000181e-02
1.162000000000000000e+03,5.882039100000000659e-02
1.166000000000000000e+03,6.612488400000000877e-02
1.170000000000000000e+03,7.688940000000001052e-02
1.174000000000000000e+03,8.445019100000000778e-02
1.178000000000000000e+03,9.162653500000000895e-02
1.182000000000000000e+03,9.457396200000001141e-02
1.186000000000000000e+03,9.508655800000000158e-02
1.190000000000000000e+03,8.893540600000000851e-02
1.194000000000000000e+03,7.778644300000001066e-02
1.198000000000000000e+03,6.932860899999999937e-02
1.202000000000000000e+03,5.971743400000000673e-02
1.206000000000000000e+03,5.138774900000000340e-02
1.210000000000000000e+03,4.664623600000000064e-02
1.214000000000000000e+03,4.254546800000000295e-02
1.218000000000000000e+03,4.062323300000000165e-02
1.222000000000000000e+03,3.677876300000000598e-02
1.226000000000000000e+03,3.524097500000000077e-02
1.230000000000000000e+03,3.344688900000000048e-02
1.234000000000000000e+03,2.985871700000000337e-02
1.238000000000000000e+03,2.973056800000000235e-02
1.242000000000000000e+03,2.627054500000000278e-02
1.246000000000000000e+03,2.434831000000000148e-02
1.250000000000000000e+03,2.229792600000000263e-02
1.254000000000000000e+03,2.178533000000000205e-02
1.258000000000000000e+03,2.229792600000000263e-02
1.262000000000000000e+03,2.204162800000000061e-02
1.266000000000000000e+03,2.306682000000000177e-02
1.270000000000000000e+03,2.447645900000000249e-02
1.274000000000000000e+03,2.652684300000000134e-02
1.278000000000000000e+03,2.883352500000000221e-02
1.282000000000000000e+03,2.870537600000000120e-02
1.286000000000000000e+03,3.088390900000000105e-02
1.290000000000000000e+03,3.126835600000000409e-02
1.294000000000000000e+03,3.126835600000000409e-02
1.298000000000000000e+03,2.973056800000000235e-02
1.302000000000000000e+03,2.768018400000000351e-02
1.306000000000000000e+03,2.691129000000000090e-02
1.310000000000000000e+03,2.422016100000000047e-02
1.314000000000000000e+03,2.434831000000000148e-02
1.318000000000000000e+03,2.152903200000000003e-02
1.322000000000000000e+03,1.858160500000000104e-02
1.326000000000000000e+03,1.755641299999999988e-02
1.330000000000000000e+03,1.486528400000000118e-02
1.334000000000000000e+03,1.358379400000000146e-02
1.338000000000000000e+03,1.319934700000000016e-02
1.342000000000000000e+03,1.268675100000000132e-02
1.346000000000000000e+03,1.307119800000000089e-02
1.350000000000000000e+03,1.166155900000000016e-02
1.354000000000000000e+03,1.268675100000000132e-02
1.358000000000000000e+03,1.294304900000000161e-02
1.362000000000000000e+03,1.268675100000000132e-02
1.366000000000000000e+03,1.384009200000000175e-02
1.370000000000000000e+03,1.319934700000000016e-02
1.374000000000000000e+03,1.396824100000000103e-02
1.378000000000000000e+03,1.358379400000000146e-02
1.382000000000000000e+03,1.435268800000000060e-02
1.386000000000000000e+03,1.486528400000000118e-02
1.390000000000000000e+03,1.448083700000000161e-02
1.394000000000000000e+03,1.537788000000000176e-02
1.398000000000000000e+03,1.524973100000000074e-02
1.402000000000000000e+03,1.614677400000000262e-02
1.406000000000000000e+03,1.665936999999999973e-02
1.410000000000000000e+03,1.627492300000000017e-02
1.414000000000000000e+03,1.806900900000000046e-02
1.418000000000000000e+03,1.730011500000000133e-02
1.422000000000000000e+03,1.781271100000000190e-02
1.426000000000000000e+03,1.947864800000000118e-02
1.430000000000000000e+03,1.960679700000000220e-02
1.434000000000000000e+03,2.268237300000000220e-02
1.438000000000000000e+03,2.370756500000000336e-02
1.442000000000000000e+03,2.729573700000000047e-02
1.446000000000000000e+03,2.908982300000000076e-02
1.450000000000000000e+03,3.293429300000000337e-02
1.454000000000000000e+03,3.447208100000000164e-02
1.458000000000000000e+03,3.600986899999999991e-02
1.462000000000000000e+03,3.882914700000000136e-02
1.466000000000000000e+03,3.831655100000000425e-02
1.470000000000000000e+03,3.793210400000000121e-02
1.474000000000000000e+03,3.780395500000000020e-02
1.478000000000000000e+03,3.460023000000000265e-02
1.482000000000000000e+03,3.370318700000000250e-02
1.486000000000000000e+03,3.024316400000000293e-02
1.490000000000000000e+03,2.780833300000000105e-02
1.494000000000000000e+03,2.511720400000000061e-02
1.498000000000000000e+03,2.332311800000000032e-02
1.502000000000000000e+03,2.319496900000000278e-02
1.506000000000000000e+03,1.973494599999999974e-02
1.510000000000000000e+03,2.063198899999999988e-02
1.514000000000000000e+03,2.088828700000000191e-02
1.518000000000000000e+03,1.909420100000000162e-02
1.522000000000000000e+03,2.037569100000000133e-02
1.526000000000000000e+03,1.845345600000000003e-02
1.530000000000000000e+03,2.076013800000000090e-02
1.534000000000000000e+03,1.909420100000000162e-02
1.538000000000000000e+03,1.922235000000000263e-02
1.542000000000000000e+03,1.742826400000000234e-02
1.546000000000000000e+03,1.858160500000000104e-02
1.550000000000000000e+03,1.691566800000000176e-02
1.554000000000000000e+03,1.678751900000000075e-02
1.558000000000000000e+03,1.371194300000000074e-02
1.562000000000000000e+03,1.281490000000000060e-02
1.566000000000000000e+03,1.332749600000000118e-02
1.570000000000000000e+03,1.281490000000000060e-02
1.574000000000000000e+03,1.114896300000000132e-02
1.578000000000000000e+03,1.063636700000000074e-02
1.582000000000000000e+03,1.063636700000000074e-02
1.586000000000000000e+03,9.739324000000000592e-03
1.590000000000000000e+03,9.995622000000000881e-03
1.594000000000000000e+03,9.483026000000000302e-03
1.598000000000000000e+03,8.457834000000000879e-03
1.602000000000000000e+03,8.842281000000000446e-03
1.606000000000000000e+03,7.817089000000001023e-03
1.610000000000000000e+03,8.970430000000001458e-03
1.614000000000000000e+03,6.151152000000000009e-03
1.618000000000000000e+03,7.432642000000000589e-03
1.622000000000000000e+03,6.407450000000000298e-03
1.626000000000000000e+03,6.407450000000000298e-03
1.630000000000000000e+03,6.407450000000000298e-03
1.634000000000000000e+03,5.766705000000000442e-03
1.638000000000000000e+03,5.382258000000000008e-03
1.642000000000000000e+03,6.535599000000000443e-03
1.646000000000000000e+03,4.613364000000000006e-03
1.650000000000000000e+03,6.151152000000000009e-03
1.654000000000000000e+03,2.178533000000000292e-03
1.658000000000000000e+03,5.766705000000000442e-03
1.662000000000000000e+03,5.382258000000000008e-03
1.666000000000000000e+03,5.254109000000000730e-03
1.670000000000000000e+03,5.125960000000000585e-03
1.674000000000000000e+03,4.997811000000000441e-03
1.678000000000000000e+03,6.023003000000000731e-03
1.682000000000000000e+03,5.382258000000000008e-03
1.686000000000000000e+03,3.716321000000000294e-03
1.690000000000000000e+03,5.766705000000000442e-03
1.694000000000000000e+03,5.125960000000000585e-03
1.698000000000000000e+03,4.997811000000000441e-03
1.702000000000000000e+03,3.331874000000000294e-03
1.706000000000000000e+03,5.894854000000000586e-03
1.710000000000000000e+03,5.894854000000000586e-03
1.714000000000000000e+03,5.638556000000000297e-03
1.718000000000000000e+03,5.638556000000000297e-03
1.722000000000000000e+03,5.894854000000000586e-03
1.726000000000000000e+03,6.920046000000000877e-03
1.730000000000000000e+03,6.535599000000000443e-03
1.734000000000000000e+03,7.048195000000000154e-03
1.738000000000000000e+03,7.048195000000000154e-03
1.742000000000000000e+03,8.457834000000000879e-03
1.746000000000000000e+03,9.483026000000000302e-03
1.750000000000000000e+03,9.226728000000000013e-03
1.754000000000000000e+03,9.995622000000000881e-03
1.758000000000000000e+03,1.127711200000000059e-02
1.762000000000000000e+03,1.038006900000000045e-02
1.766000000000000000e+03,1.217415500000000074e-02
1.770000000000000000e+03,1.140526100000000161e-02
1.774000000000000000e+03,1.243045300000000103e-02
1.778000000000000000e+03,1.332749600000000118e-02
1.782000000000000000e+03,1.307119800000000089e-02
1.786000000000000000e+03,1.473713500000000190e-02
1.790000000000000000e+03,1.422453900000000132e-02
1.794000000000000000e+03,1.448083700000000161e-02
1.798000000000000000e+03,1.396824100000000103e-02
1.802000000000000000e+03,1.345564500000000045e-02
1.806000000000000000e+03,1.332749600000000118e-02
1.810000000000000000e+03,1.243045300000000103e-02
1.814000000000000000e+03,1.268675100000000132e-02
1.818000000000000000e+03,1.050821800000000146e-02
1.822000000000000000e+03,1.063636700000000074e-02
1.826000000000000000e+03,1.025192000000000117e-02
1.830000000000000000e+03,9.226728000000000013e-03
1.834000000000000000e+03,9.354877000000001025e-03
1.838000000000000000e+03,8.329684999999999867e-03
1.842000000000000000e+03,8.201536000000000590e-03
1.846000000000000000e+03,7.176344000000000299e-03
1.850000000000000000e+03,7.048195000000000154e-03
1.854000000000000000e+03,7.432642000000000589e-03
1.858000000000000000e+03,6.279301000000000153e-03
1.862000000000000000e+03,6.023003000000000731e-03
1.866000000000000000e+03,6.279301000000000153e-03
1.870000000000000000e+03,5.510407000000000152e-03
1.874000000000000000e+03,6.023003000000000731e-03
1.878000000000000000e+03,5.382258000000000008e-03
1.882000000000000000e+03,5.510407000000000152e-03
1.886000000000000000e+03,5.510407000000000152e-03
1.890000000000000000e+03,5.254109000000000730e-03
1.894000000000000000e+03,6.023003000000000731e-03
1.898000000000000000e+03,4.869662000000000296e-03
1.902000000000000000e+03,5.125960000000000585e-03
1.906000000000000000e+03,4.997811000000000441e-03
1.910000000000000000e+03,5.125960000000000585e-03
1.914000000000000000e+03,5.382258000000000008e-03
1.918000000000000000e+03,4.741513000000000151e-03
1.922000000000000000e+03,5.766705000000000442e-03
1.926000000000000000e+03,4.997811000000000441e-03
1.930000000000000000e+03,5.254109000000000730e-03
1.934000000000000000e+03,4.997811000000000441e-03
1.938000000000000000e+03,4.869662000000000296e-03
1.942000000000000000e+03,5.382258000000000008e-03
1.946000000000000000e+03,4.613364000000000006e-03
1.950000000000000000e+03,5.638556000000000297e-03
1.954000000000000000e+03,6.151152000000000009e-03
1.958000000000000000e+03,5.510407000000000152e-03
1.962000000000000000e+03,6.279301000000000153e-03
1.966000000000000000e+03,5.382258000000000008e-03
1.970000000000000000e+03,5.894854000000000586e-03
1.974000000000000000e+03,5.382258000000000008e-03
1.978000000000000000e+03,4.997811000000000441e-03
1.982000000000000000e+03,6.023003000000000731e-03
1.986000000000000000e+03,5.125960000000000585e-03
1.990000000000000000e+03,5.638556000000000297e-03
1.994000000000000000e+03,5.254109000000000730e-03
1.998000000000000000e+03,5.125960000000000585e-03
2.002000000000000000e+03,5.254109000000000730e-03
2.006000000000000000e+03,4.613364000000000006e-03
2.010000000000000000e+03,5.638556000000000297e-03
2.014000000000000000e+03,5.382258000000000008e-03
2.018000000000000000e+03,5.894854000000000586e-03
2.022000000000000000e+03,5.766705000000000442e-03
2.026000000000000000e+03,5.510407000000000152e-03
2.030000000000000000e+03,7.176344000000000299e-03
2.034000000000000000e+03,6.663748000000000588e-03
2.038000000000000000e+03,7.945238000000000300e-03
2.042000000000000000e+03,8.073387000000001312e-03
2.046000000000000000e+03,8.457834000000000879e-03
2.050000000000000000e+03,9.739324000000000592e-03
2.054000000000000000e+03,9.739324000000000592e-03
2.058000000000000000e+03,1.038006900000000045e-02
2.062000000000000000e+03,9.995622000000000881e-03
2.066000000000000000e+03,1.038006900000000045e-02
2.070000000000000000e+03,1.102081400000000030e-02
2.074000000000000000e+03,9.611175000000001314e-03
2.078000000000000000e+03,1.063636700000000074e-02
2.082000000000000000e+03,1.025192000000000117e-02
2.086000000000000000e+03,9.739324000000000592e-03
2.090000000000000000e+03,9.995622000000000881e-03
2.094000000000000000e+03,9.483026000000000302e-03
2.098000000000000000e+03,9.611175000000001314e-03
2.102000000000000000e+03,8.970430000000001458e-03
2.106000000000000000e+03,8.585983000000000157e-03
2.110000000000000000e+03,8.073387000000001312e-03
2.114000000000000000e+03,6.920046000000000877e-03
2.118000000000000000e+03,6.663748000000000588e-03
2.122000000000000000e+03,5.510407000000000152e-03
2.126000000000000000e+03,5.510407000000000152e-03
2.130000000000000000e+03,5.382258000000000008e-03
2.134000000000000000e+03,4.613364000000000006e-03
2.138000000000000000e+03,5.125960000000000585e-03
2.142000000000000000e+03,4.357066000000000584e-03
2.146000000000000000e+03,4.741513000000000151e-03
2.150000000000000000e+03,4.357066000000000584e-03
2.154000000000000000e+03,4.741513000000000151e-03
2.158000000000000000e+03,4.869662000000000296e-03
2.162000000000000000e+03,3.972619000000000150e-03
2.166000000000000000e+03,4.997811000000000441e-03
2.170000000000000000e+03,3.844470000000000439e-03
2.174000000000000000e+03,3.972619000000000150e-03
2.178000000000000000e+03,4.613364000000000006e-03
2.182000000000000000e+03,3.972619000000000150e-03
2.186000000000000000e+03,4.869662000000000296e-03
2.190000000000000000e+03,4.357066000000000584e-03
2.194000000000000000e+03,3.844470000000000439e-03
2.198000000000000000e+03,3.972619000000000150e-03
2.202000000000000000e+03,3.844470000000000439e-03
2.206000000000000000e+03,4.357066000000000584e-03
2.210000000000000000e+03,3.460023000000000439e-03
2.214000000000000000e+03,3.844470000000000439e-03
2.218000000000000000e+03,3.588172000000000150e-03
2.222000000000000000e+03,3.203725000000000149e-03
2.226000000000000000e+03,4.228917000000000440e-03
2.230000000000000000e+03,3.588172000000000150e-03
2.234000000000000000e+03,3.972619000000000150e-03
2.238000000000000000e+03,2.947427000000000293e-03
2.242000000000000000e+03,3.075576000000000004e-03
2.246000000000000000e+03,3.972619000000000150e-03
2.250000000000000000e+03,2.691129000000000004e-03
2.254000000000000000e+03,3.203725000000000149e-03
2.258000000000000000e+03,3.460023000000000439e-03
2.262000000000000000e+03,3.203725000000000149e-03
2.266000000000000000e+03,3.716321000000000294e-03
2.270000000000000000e+03,2.947427000000000293e-03
2.274000000000000000e+03,3.460023000000000439e-03
2.278000000000000000e+03,2.947427000000000293e-03
2.282000000000000000e+03,3.075576000000000004e-03
2.286000000000000000e+03,4.100768000000000295e-03
2.290000000000000000e+03,3.716321000000000294e-03
2.294000000000000000e+03,5.254109000000000730e-03
2.298000000000000000e+03,5.254109000000000730e-03
2.302000000000000000e+03,5.766705000000000442e-03
2.306000000000000000e+03,5.382258000000000008e-03
2.310000000000000000e+03,6.535599000000000443e-03
2.314000000000000000e+03,6.920046000000000877e-03
2.318000000000000000e+03,5.638556000000000297e-03
2.322000000000000000e+03,7.817089000000001023e-03
2.326000000000000000e+03,5.638556000000000297e-03
2.330000000000000000e+03,5.382258000000000008e-03
2.334000000000000000e+03,6.535599000000000443e-03
2.338000000000000000e+03,4.741513000000000151e-03
2.342000000000000000e+03,5.766705000000000442e-03
2.346000000000000000e+03,4.613364000000000006e-03
2.350000000000000000e+03,5.638556000000000297e-03
2.354000000000000000e+03,6.920046000000000877e-03
2.358000000000000000e+03,6.663748000000000588e-03
2.362000000000000000e+03,8.585983000000000157e-03
2.366000000000000000e+03,4.228917000000000440e-03
2.370000000000000000e+03,4.228917000000000440e-03
2.374000000000000000e+03,2.691129000000000004e-03
2.378000000000000000e+03,2.562980000000000293e-03
2.382000000000000000e+03,3.460023000000000439e-03
2.386000000000000000e+03,2.819278000000000148e-03
2.390000000000000000e+03,3.460023000000000439e-03
2.394000000000000000e+03,2.562980000000000293e-03
2.398000000000000000e+03,2.819278000000000148e-03
2.402000000000000000e+03,3.588172000000000150e-03
2.406000000000000000e+03,2.562980000000000293e-03
2.410000000000000000e+03,3.075576000000000004e-03
2.414000000000000000e+03,2.434831000000000148e-03
2.418000000000000000e+03,3.203725000000000149e-03
2.422000000000000000e+03,3.331874000000000294e-03
2.426000000000000000e+03,3.075576000000000004e-03
2.430000000000000000e+03,3.972619000000000150e-03
2.434000000000000000e+03,4.100768000000000295e-03
2.438000000000000000e+03,3.972619000000000150e-03
2.442000000000000000e+03,3.972619000000000150e-03
2.446000000000000000e+03,3.331874000000000294e-03
2.450000000000000000e+03,3.844470000000000439e-03
2.454000000000000000e+03,2.947427000000000293e-03
2.458000000000000000e+03,3.203725000000000149e-03
2.462000000000000000e+03,2.434831000000000148e-03
2.466000000000000000e+03,2.306682000000000003e-03
2.470000000000000000e+03,2.819278000000000148e-03
2.474000000000000000e+03,1.537788000000000002e-03
2.478000000000000000e+03,1.665937000000000147e-03
2.482000000000000000e+03,1.409639000000000074e-03
2.486000000000000000e+03,1.409639000000000074e-03
2.490000000000000000e+03,1.537788000000000002e-03
2.494000000000000000e+03,1.025192000000000074e-03
2.498000000000000000e+03,1.281490000000000146e-03
2.502000000000000000e+03,8.970430000000000374e-04
2.506000000000000000e+03,1.153341000000000002e-03
2.510000000000000000e+03,8.970430000000000374e-04
2.514000000000000000e+03,5.125960000000000369e-04
2.518000000000000000e+03,1.537788000000000002e-03
2.522000000000000000e+03,3.844470000000000005e-04
2.526000000000000000e+03,1.281490000000000146e-03
2.530000000000000000e+03,1.025192000000000074e-03
2.534000000000000000e+03,8.970430000000000374e-04
2.538000000000000000e+03,2.050384000000000147e-03
2.542000000000000000e+03,1.153341000000000002e-03
2.546000000000000000e+03,1.537788000000000002e-03
2.550000000000000000e+03,1.665937000000000147e-03
2.554000000000000000e+03,1.281490000000000146e-03
2.558000000000000000e+03,2.691129000000000004e-03
2.562000000000000000e+03,1.665937000000000147e-03
2.566000000000000000e+03,2.178533000000000292e-03
2.570000000000000000e+03,1.409639000000000074e-03
2.574000000000000000e+03,2.050384000000000147e-03
2.578000000000000000e+03,2.178533000000000292e-03
2.582000000000000000e+03,1.281490000000000146e-03
2.586000000000000000e+03,2.691129000000000004e-03
2.590000000000000000e+03,2.306682000000000003e-03
2.594000000000000000e+03,2.691129000000000004e-03
2.598000000000000000e+03,2.947427000000000293e-03
2.602000000000000000e+03,2.178533000000000292e-03
2.606000000000000000e+03,2.947427000000000293e-03
2.610000000000000000e+03,1.794086000000000075e-03
2.614000000000000000e+03,3.331874000000000294e-03
2.618000000000000000e+03,3.460023000000000439e-03
2.622000000000000000e+03,2.306682000000000003e-03
2.626000000000000000e+03,3.460023000000000439e-03
2.630000000000000000e+03,2.562980000000000293e-03
2.634000000000000000e+03,3.331874000000000294e-03
2.638000000000000000e+03,2.947427000000000293e-03
2.642000000000000000e+03,2.691129000000000004e-03
2.646000000000000000e+03,3.844470000000000439e-03
2.650000000000000000e+03,2.691129000000000004e-03
2.654000000000000000e+03,3.203725000000000149e-03
2.658000000000000000e+03,2.819278000000000148e-03
2.662000000000000000e+03,2.434831000000000148e-03
2.666000000000000000e+03,2.691129000000000004e-03
2.670000000000000000e+03,2.562980000000000293e-03
2.674000000000000000e+03,3.203725000000000149e-03
2.678000000000000000e+03,2.050384000000000147e-03
2.682000000000000000e+03,2.178533000000000292e-03
2.686000000000000000e+03,2.691129000000000004e-03
2.690000000000000000e+03,2.050384000000000147e-03
2.694000000000000000e+03,3.203725000000000149e-03
2.698000000000000000e+03,2.050384000000000147e-03
2.702000000000000000e+03,2.178533000000000292e-03
2.706000000000000000e+03,2.562980000000000293e-03
2.710000000000000000e+03,2.306682000000000003e-03
2.714000000000000000e+03,3.075576000000000004e-03
2.718000000000000000e+03,2.434831000000000148e-03
2.722000000000000000e+03,2.434831000000000148e-03
2.726000000000000000e+03,2.562980000000000293e-03
2.730000000000000000e+03,1.922235000000000220e-03
2.734000000000000000e+03,3.075576000000000004e-03
2.738000000000000000e+03,1.922235000000000220e-03
2.742000000000000000e+03,3.716321000000000294e-03
2.746000000000000000e+03,3.588172000000000150e-03
2.750000000000000000e+03,3.716321000000000294e-03
2.754000000000000000e+03,4.357066000000000584e-03
2.758000000000000000e+03,3.972619000000000150e-03
2.762000000000000000e+03,5.254109000000000730e-03
2.766000000000000000e+03,4.997811000000000441e-03
2.770000000000000000e+03,5.382258000000000008e-03
2.774000000000000000e+03,6.663748000000000588e-03
2.778000000000000000e+03,5.254109000000000730e-03
2.782000000000000000e+03,7.304493000000000444e-03
2.786000000000000000e+03,7.304493000000000444e-03
2.790000000000000000e+03,8.714132000000001169e-03
2.794000000000000000e+03,9.354877000000001025e-03
2.798000000000000000e+03,9.483026000000000302e-03
2.802000000000000000e+03,1.102081400000000030e-02
2.806000000000000000e+03,1.153341000000000088e-02
2.810000000000000000e+03,1.358379400000000146e-02
2.814000000000000000e+03,1.512158200000000147e-02
2.818000000000000000e+03,1.806900900000000046e-02
2.822000000000000000e+03,2.639869400000000033e-02
2.826000000000000000e+03,3.754765700000000511e-02
2.830000000000000000e+03,6.074262600000000095e-02
2.834000000000000000e+03,8.637242600000000214e-02
2.838000000000000000e+03,1.049540310000000032e-01
2.842000000000000000e+03,1.182815270000000113e-01
2.846000000000000000e+03,1.236637850000000122e-01
2.850000000000000000e+03,1.170000370000000151e-01
2.854000000000000000e+03,1.022629020000000027e-01
2.858000000000000000e+03,7.958052900000001095e-02
2.862000000000000000e+03,5.651370900000000225e-02
2.866000000000000000e+03,4.382695800000000613e-02
2.870000000000000000e+03,3.921359400000000439e-02
2.874000000000000000e+03,3.677876300000000598e-02
2.878000000000000000e+03,3.767580600000000612e-02
2.882000000000000000e+03,3.870099800000000034e-02
2.886000000000000000e+03,4.203287200000000584e-02
2.890000000000000000e+03,4.677438500000000166e-02
2.894000000000000000e+03,5.151589800000000441e-02
2.898000000000000000e+03,5.971743400000000673e-02
2.902000000000000000e+03,6.766267200000000703e-02
2.906000000000000000e+03,7.535161200000001225e-02
2.910000000000000000e+03,8.393759500000000373e-02
2.914000000000000000e+03,8.791021400000000041e-02
2.918000000000000000e+03,9.406136600000000736e-02
2.922000000000000000e+03,9.739324000000000592e-02
2.926000000000000000e+03,1.039288390000000090e-01
2.930000000000000000e+03,1.161029940000000149e-01
2.934000000000000000e+03,1.341720030000000119e-01
2.938000000000000000e+03,1.587766110000000119e-01
2.942000000000000000e+03,1.813308350000000235e-01
2.946000000000000000e+03,2.024754200000000171e-01
2.950000000000000000e+03,2.131117870000000247e-01
2.954000000000000000e+03,2.186221940000000197e-01
2.958000000000000000e+03,2.177251510000000057e-01
2.962000000000000000e+03,1.910701590000000172e-01
2.966000000000000000e+03,1.674907430000000252e-01
2.970000000000000000e+03,1.483965420000000202e-01
2.974000000000000000e+03,1.300712350000000073e-01
2.978000000000000000e+03,1.189222720000000094e-01
2.982000000000000000e+03,1.095673950000000119e-01
2.986000000000000000e+03,1.086703520000000117e-01
2.990000000000000000e+03,1.075170110000000095e-01
2.994000000000000000e+03,1.072607130000000075e-01
2.998000000000000000e+03,1.064918190000000014e-01
3.002000000000000000e+03,1.018784550000000066e-01
3.006000000000000000e+03,9.611175000000000967e-02
3.010000000000000000e+03,8.726946900000000229e-02
3.014000000000000000e+03,7.868348600000001081e-02
3.018000000000000000e+03,7.150714200000000964e-02
3.022000000000000000e+03,6.394635099999999850e-02
3.026000000000000000e+03,5.958928500000000572e-02
3.030000000000000000e+03,5.574481500000000311e-02
3.034000000000000000e+03,5.202849400000000152e-02
3.038000000000000000e+03,4.959366300000000310e-02
3.042000000000000000e+03,4.562104400000000642e-02
3.046000000000000000e+03,4.331436200000000208e-02
3.050000000000000000e+03,3.959804100000000049e-02
3.054000000000000000e+03,3.818840200000000323e-02
3.058000000000000000e+03,3.613801800000000092e-02
3.062000000000000000e+03,3.331873999999999947e-02
3.066000000000000000e+03,3.331873999999999947e-02
3.070000000000000000e+03,2.844907800000000264e-02
3.074000000000000000e+03,2.780833300000000105e-02
3.078000000000000000e+03,2.473275700000000105e-02
3.082000000000000000e+03,2.409201200000000292e-02
3.086000000000000000e+03,2.242607500000000018e-02
3.090000000000000000e+03,1.794086000000000292e-02
3.094000000000000000e+03,1.806900900000000046e-02
3.098000000000000000e+03,1.563417800000000205e-02
3.102000000000000000e+03,1.435268800000000060e-02
3.106000000000000000e+03,1.319934700000000016e-02
3.110000000000000000e+03,1.191785700000000045e-02
3.114000000000000000e+03,1.076451600000000002e-02
3.118000000000000000e+03,9.226728000000000013e-03
3.122000000000000000e+03,8.329684999999999867e-03
3.126000000000000000e+03,6.920046000000000877e-03
3.130000000000000000e+03,6.279301000000000153e-03
3.134000000000000000e+03,8.073387000000001312e-03
3.138000000000000000e+03,6.023003000000000731e-03
3.142000000000000000e+03,6.407450000000000298e-03
3.146000000000000000e+03,6.151152000000000009e-03
3.150000000000000000e+03,3.716321000000000294e-03
3.154000000000000000e+03,5.894854000000000586e-03
3.158000000000000000e+03,4.100768000000000295e-03
3.162000000000000000e+03,4.741513000000000151e-03
3.166000000000000000e+03,5.254109000000000730e-03
3.170000000000000000e+03,4.741513000000000151e-03
3.174000000000000000e+03,5.766705000000000442e-03
3.178000000000000000e+03,3.203725000000000149e-03
3.182000000000000000e+03,4.485215000000000729e-03
3.186000000000000000e+03,5.382258000000000008e-03
3.190000000000000000e+03,4.100768000000000295e-03
3.194000000000000000e+03,4.100768000000000295e-03
3.198000000000000000e+03,4.997811000000000441e-03
3.202000000000000000e+03,4.997811000000000441e-03
3.206000000000000000e+03,4.613364000000000006e-03
3.210000000000000000e+03,4.613364000000000006e-03
3.214000000000000000e+03,4.485215000000000729e-03
3.218000000000000000e+03,2.562980000000000293e-03
3.222000000000000000e+03,4.357066000000000584e-03
3.226000000000000000e+03,3.203725000000000149e-03
3.230000000000000000e+03,3.716321000000000294e-03
3.234000000000000000e+03,4.228917000000000440e-03
3.238000000000000000e+03,3.716321000000000294e-03
3.242000000000000000e+03,5.766705000000000442e-03
3.246000000000000000e+03,4.228917000000000440e-03
3.250000000000000000e+03,5.382258000000000008e-03
3.254000000000000000e+03,3.331874000000000294e-03
3.258000000000000000e+03,4.228917000000000440e-03
3.262000000000000000e+03,6.279301000000000153e-03
3.266000000000000000e+03,4.869662000000000296e-03
3.270000000000000000e+03,5.638556000000000297e-03
3.274000000000000000e+03,3.972619000000000150e-03
3.278000000000000000e+03,5.510407000000000152e-03
3.282000000000000000e+03,5.510407000000000152e-03
3.286000000000000000e+03,4.228917000000000440e-03
3.290000000000000000e+03,6.791897000000000732e-03
3.294000000000000000e+03,4.357066000000000584e-03
3.298000000000000000e+03,5.254109000000000730e-03
3.302000000000000000e+03,5.382258000000000008e-03
3.306000000000000000e+03,3.075576000000000004e-03
3.310000000000000000e+03,5.638556000000000297e-03
3.314000000000000000e+03,4.869662000000000296e-03
3.318000000000000000e+03,5.382258000000000008e-03
3.322000000000000000e+03,6.023003000000000731e-03
3.326000000000000000e+03,4.997811000000000441e-03
3.330000000000000000e+03,6.535599000000000443e-03
3.334000000000000000e+03,4.869662000000000296e-03
3.338000000000000000e+03,5.638556000000000297e-03
3.342000000000000000e+03,4.869662000000000296e-03
3.346000000000000000e+03,6.023003000000000731e-03
3.350000000000000000e+03,6.791897000000000732e-03
3.354000000000000000e+03,4.613364000000000006e-03
3.358000000000000000e+03,7.048195000000000154e-03
3.362000000000000000e+03,4.613364000000000006e-03
3.366000000000000000e+03,5.766705000000000442e-03
3.370000000000000000e+03,6.791897000000000732e-03
3.374000000000000000e+03,4.357066000000000584e-03
3.378000000000000000e+03,7.817089000000001023e-03
3.382000000000000000e+03,6.023003000000000731e-03
3.386000000000000000e+03,6.535599000000000443e-03
3.390000000000000000e+03,7.048195000000000154e-03
3.394000000000000000e+03,4.741513000000000151e-03
3.398000000000000000e+03,7.945238000000000300e-03
3.402000000000000000e+03,5.382258000000000008e-03
3.406000000000000000e+03,3.460023000000000439e-03
3.410000000000000000e+03,4.869662000000000296e-03
3.414000000000000000e+03,3.844470000000000439e-03
3.418000000000000000e+03,6.151152000000000009e-03
3.422000000000000000e+03,4.613364000000000006e-03
3.426000000000000000e+03,7.432642000000000589e-03
3.430000000000000000e+03,3.331874000000000294e-03
3.434000000000000000e+03,6.151152000000000009e-03
3.438000000000000000e+03,7.176344000000000299e-03
3.442000000000000000e+03,5.382258000000000008e-03
3.446000000000000000e+03,6.023003000000000731e-03
3.450000000000000000e+03,4.228917000000000440e-03
3.454000000000000000e+03,4.869662000000000296e-03
3.458000000000000000e+03,5.254109000000000730e-03
3.462000000000000000e+03,5.125960000000000585e-03
3.466000000000000000e+03,6.279301000000000153e-03
3.470000000000000000e+03,4.485215000000000729e-03
3.474000000000000000e+03,6.535599000000000443e-03
3.478000000000000000e+03,6.535599000000000443e-03
3.482000000000000000e+03,5.894854000000000586e-03
3.486000000000000000e+03,7.560791000000000733e-03
3.490000000000000000e+03,5.125960000000000585e-03
3.494000000000000000e+03,6.535599000000000443e-03
3.498000000000000000e+03,6.920046000000000877e-03
3.502000000000000000e+03,6.023003000000000731e-03
3.506000000000000000e+03,6.920046000000000877e-03
3.510000000000000000e+03,5.638556000000000297e-03
3.514000000000000000e+03,7.688940000000000878e-03
3.518000000000000000e+03,3.203725000000000149e-03
3.522000000000000000e+03,5.254109000000000730e-03
3.526000000000000000e+03,5.125960000000000585e-03
3.530000000000000000e+03,4.613364000000000006e-03
3.534000000000000000e+03,7.945238000000000300e-03
3.538000000000000000e+03,4.741513000000000151e-03
3.542000000000000000e+03,5.766705000000000442e-03
3.546000000000000000e+03,7.176344000000000299e-03
3.550000000000000000e+03,3.203725000000000149e-03
3.554000000000000000e+03,7.560791000000000733e-03
3.558000000000000000e+03,1.794086000000000075e-03
3.562000000000000000e+03,8.329684999999999867e-03
3.566000000000000000e+03,1.038006900000000045e-02
3.570000000000000000e+03,8.201536000000000590e-03
3.574000000000000000e+03,6.023003000000000731e-03
3.578000000000000000e+03,1.665937000000000147e-03
3.582000000000000000e+03,9.611175000000001314e-03
3.586000000000000000e+03,4.613364000000000006e-03
3.590000000000000000e+03,2.434831000000000148e-03
3.594000000000000000e+03,3.844470000000000439e-03
3.598000000000000000e+03,2.434831000000000148e-03
3.602000000000000000e+03,3.331874000000000294e-03
3.606000000000000000e+03,6.535599000000000443e-03
3.610000000000000000e+03,6.920046000000000877e-03
3.614000000000000000e+03,9.226728000000000013e-03
3.618000000000000000e+03,9.098579000000000735e-03
3.622000000000000000e+03,6.663748000000000588e-03
3.626000000000000000e+03,2.562980000000000184e-04
3.630000000000000000e+03,2.050384000000000147e-03
3.634000000000000000e+03,6.023003000000000731e-03
3.638000000000000000e+03,7.176344000000000299e-03
3.642000000000000000e+03,4.100768000000000295e-03
3.646000000000000000e+03,1.281490000000000146e-03
3.650000000000000000e+03,5.254109000000000730e-03
3.654000000000000000e+03,5.766705000000000442e-03
3.658000000000000000e+03,7.176344000000000299e-03
3.662000000000000000e+03,6.791897000000000732e-03
3.666000000000000000e+03,4.228917000000000440e-03
3.670000000000000000e+03,3.203725000000000149e-03
3.674000000000000000e+03,2.434831000000000148e-03
3.678000000000000000e+03,3.075576000000000004e-03
3.682000000000000000e+03,3.460023000000000439e-03
3.686000000000000000e+03,1.665937000000000147e-03
3.690000000000000000e+03,3.844470000000000439e-03
3.694000000000000000e+03,2.562980000000000293e-03
3.698000000000000000e+03,3.844470000000000439e-03
3.702000000000000000e+03,7.048195000000000154e-03
3.706000000000000000e+03,3.331874000000000294e-03
3.710000000000000000e+03,6.407450000000000298e-03
3.714000000000000000e+03,4.100768000000000295e-03
3.718000000000000000e+03,4.613364000000000006e-03
3.722000000000000000e+03,5.510407000000000152e-03
3.726000000000000000e+03,4.741513000000000151e-03
3.730000000000000000e+03,4.357066000000000584e-03
3.734000000000000000e+03,2.947427000000000293e-03
3.738000000000000000e+03,4.228917000000000440e-03
3.742000000000000000e+03,4.997811000000000441e-03
3.746000000000000000e+03,3.844470000000000439e-03
3.750000000000000000e+03,4.228917000000000440e-03
3.754000000000000000e+03,3.460023000000000439e-03
3.758000000000000000e+03,3.331874000000000294e-03
3.762000000000000000e+03,3.588172000000000150e-03
3.766000000000000000e+03,6.023003000000000731e-03
3.770000000000000000e+03,4.613364000000000006e-03
3.774000000000000000e+03,1.922235000000000220e-03
3.778000000000000000e+03,6.920046000000000877e-03
3.782000000000000000e+03,4.100768000000000295e-03
3.786000000000000000e+03,3.844470000000000439e-03
3.790000000000000000e+03,5.254109000000000730e-03
3.794000000000000000e+03,4.485215000000000729e-03
3.798000000000000000e+03,5.254109000000000730e-03
3.802000000000000000e+03,4.228917000000000440e-03
3.806000000000000000e+03,5.766705000000000442e-03
3.810000000000000000e+03,1.922235000000000220e-03
3.814000000000000000e+03,4.869662000000000296e-03
3.818000000000000000e+03,7.432642000000000589e-03
3.822000000000000000e+03,2.434831000000000148e-03
3.826000000000000000e+03,6.279301000000000153e-03
3.830000000000000000e+03,1.922235000000000220e-03
3.834000000000000000e+03,3.972619000000000150e-03
3.838000000000000000e+03,3.844470000000000439e-03
3.842000000000000000e+03,6.663748000000000588e-03
3.846000000000000000e+03,6.407450000000000298e-03
3.850000000000000000e+03,3.331874000000000294e-03
3.854000000000000000e+03,5.638556000000000297e-03
3.858000000000000000e+03,3.460023000000000439e-03
3.862000000000000000e+03,7.945238000000000300e-03
3.866000000000000000e+03,8.457834000000000879e-03
3.870000000000000000e+03,3.075576000000000004e-03
3.874000000000000000e+03,6.920046000000000877e-03
3.878000000000000000e+03,4.741513000000000151e-03
3.882000000000000000e+03,6.407450000000000298e-03
3.886000000000000000e+03,7.176344000000000299e-03
3.890000000000000000e+03,5.125960000000000585e-03
3.894000000000000000e+03,6.407450000000000298e-03
3.898000000000000000e+03,6.663748000000000588e-03
3.902000000000000000e+03,6.663748000000000588e-03
3.906000000000000000e+03,6.279301000000000153e-03
3.910000000000000000e+03,1.665937000000000147e-03
3.914000000000000000e+03,5.894854000000000586e-03
3.918000000000000000e+03,4.741513000000000151e-03
3.922000000000000000e+03,7.048195000000000154e-03
3.926000000000000000e+03,7.432642000000000589e-03
3.930000000000000000e+03,1.281490000000000092e-04
3.934000000000000000e+03,4.357066000000000584e-03
3.938000000000000000e+03,7.048195000000000154e-03
3.942000000000000000e+03,9.354877000000001025e-03
3.946000000000000000e+03,3.972619000000000150e-03
3.950000000000000000e+03,2.819278000000000148e-03
3.954000000000000000e+03,8.201536000000000590e-03
3.958000000000000000e+03,4.613364000000000006e-03
3.962000000000000000e+03,4.869662000000000296e-03
3.966000000000000000e+03,5.125960000000000585e-03
