4.500000000000000000e+02,7.112615999999999557e-03
4.540000000000000000e+02,1.371718799999999995e-02
4.580000000000000000e+02,1.219305599999999899e-02
4.620000000000000000e+02,2.353937199999999938e-02
4.660000000000000000e+02,2.082980400000000037e-02
4.700000000000000000e+02,2.082980400000000037e-02
4.740000000000000000e+02,2.235393599999999786e-02
4.780000000000000000e+02,2.133784799999999954e-02
4.820000000000000000e+02,1.998306399999999830e-02
4.860000000000000000e+02,2.150719599999999926e-02
4.900000000000000000e+02,2.116849999999999982e-02
4.940000000000000000e+02,2.337002399999999966e-02
4.980000000000000000e+02,2.286198000000000050e-02
5.020000000000000000e+02,2.760372399999999962e-02
5.060000000000000000e+02,2.777307199999999934e-02
5.100000000000000000e+02,2.929720400000000030e-02
5.140000000000000000e+02,2.777307199999999934e-02
5.180000000000000000e+02,2.811176799999999878e-02
5.220000000000000000e+02,2.980524799999999946e-02
5.260000000000000000e+02,3.065198799999999807e-02
5.300000000000000000e+02,3.116003199999999723e-02
5.340000000000000000e+02,2.794241999999999906e-02
5.380000000000000000e+02,2.895850799999999739e-02
5.420000000000000000e+02,2.286198000000000050e-02
5.460000000000000000e+02,2.184589199999999870e-02
5.500000000000000000e+02,1.710414799999999957e-02
5.540000000000000000e+02,1.524131999999999917e-02
5.580000000000000000e+02,1.320914399999999905e-02
5.620000000000000000e+02,9.314140000000000266e-03
5.660000000000000000e+02,1.033022800000000033e-02
5.700000000000000000e+02,6.265876000000000084e-03
5.740000000000000000e+02,7.790007999999999308e-03
5.780000000000000000e+02,5.927179999999999775e-03
5.820000000000000000e+02,4.064352000000000242e-03
5.860000000000000000e+02,3.556307999999999778e-03
5.900000000000000000e+02,4.741743999999999994e-03
5.940000000000000000e+02,4.233699999999999963e-03
5.980000000000000000e+02,3.048263999999999748e-03
6.020000000000000000e+02,4.741743999999999994e-03
6.060000000000000000e+02,4.403047999999999684e-03
6.100000000000000000e+02,5.588483999999999466e-03
6.140000000000000000e+02,4.064352000000000242e-03
6.180000000000000000e+02,8.806095999999999369e-03
6.220000000000000000e+02,7.112615999999999557e-03
6.260000000000000000e+02,1.066892399999999977e-02
6.300000000000000000e+02,9.991531999999999150e-03
6.340000000000000000e+02,1.083827199999999949e-02
6.380000000000000000e+02,8.128704000000000485e-03
6.420000000000000000e+02,5.927179999999999775e-03
6.460000000000000000e+02,7.451311999999999866e-03
6.500000000000000000e+02,4.064352000000000242e-03
6.540000000000000000e+02,5.080439999999999436e-03
6.580000000000000000e+02,3.217611999999999903e-03
6.620000000000000000e+02,6.943267999999999836e-03
6.660000000000000000e+02,6.773919999999999681e-04
6.700000000000000000e+02,6.435223999999999805e-03
6.740000000000000000e+02,6.096527999999999496e-03
6.780000000000000000e+02,4.572395999999999405e-03
6.820000000000000000e+02,4.403047999999999684e-03
6.860000000000000000e+02,3.895003999999999654e-03
6.900000000000000000e+02,6.604571999999999526e-03
6.940000000000000000e+02,6.773919999999999681e-04
6.980000000000000000e+02,9.822183999999999429e-03
7.020000000000000000e+02,1.625740800000000097e-02
7.060000000000000000e+02,9.060117999999998950e-02
7.100000000000000000e+02,1.688399559999999855e-01
7.140000000000000000e+02,2.557154799999999950e-01
7.180000000000000000e+02,2.469093839999999818e-01
7.220000000000000000e+02,2.646909239999999941e-01
7.260000000000000000e+02,1.893310639999999934e-01
7.300000000000000000e+02,7.569855600000000018e-02
7.340000000000000000e+02,2.523285200000000006e-02
7.380000000000000000e+02,2.218458799999999814e-02
7.420000000000000000e+02,9.483487999999999987e-03
7.460000000000000000e+02,1.473327600000000001e-02
7.500000000000000000e+02,9.144791999999998811e-03
7.540000000000000000e+02,1.168501199999999983e-02
7.580000000000000000e+02,9.652835999999999708e-03
7.620000000000000000e+02,1.625740800000000097e-02
7.660000000000000000e+02,2.099915200000000010e-02
7.700000000000000000e+02,2.641828799999999811e-02
7.740000000000000000e+02,3.319220800000000082e-02
7.780000000000000000e+02,3.759525600000000051e-02
7.820000000000000000e+02,3.251481600000000194e-02
7.860000000000000000e+02,2.201523999999999842e-02
7.900000000000000000e+02,2.082980400000000037e-02
7.940000000000000000e+02,1.151566400000000011e-02
7.980000000000000000e+02,8.636747999999999648e-03
8.020000000000000000e+02,5.249788000000000024e-03
8.060000000000000000e+02,6.943267999999999836e-03
8.100000000000000000e+02,5.080439999999999436e-03
8.140000000000000000e+02,5.249788000000000024e-03
8.180000000000000000e+02,5.927179999999999775e-03
8.220000000000000000e+02,5.080439999999999436e-03
8.260000000000000000e+02,6.096527999999999496e-03
8.300000000000000000e+02,4.403047999999999684e-03
8.340000000000000000e+02,6.943267999999999836e-03
8.380000000000000000e+02,4.233699999999999963e-03
8.420000000000000000e+02,4.741743999999999994e-03
8.460000000000000000e+02,4.233699999999999963e-03
8.500000000000000000e+02,4.064352000000000242e-03
8.540000000000000000e+02,3.556307999999999778e-03
8.580000000000000000e+02,3.217611999999999903e-03
8.620000000000000000e+02,4.741743999999999994e-03
8.660000000000000000e+02,3.386959999999999624e-03
8.700000000000000000e+02,4.403047999999999684e-03
8.740000000000000000e+02,3.217611999999999903e-03
8.780000000000000000e+02,5.419135999999999745e-03
8.820000000000000000e+02,4.233699999999999963e-03
8.860000000000000000e+02,4.911091999999999715e-03
8.900000000000000000e+02,3.556307999999999778e-03
8.940000000000000000e+02,4.064352000000000242e-03
8.980000000000000000e+02,3.895003999999999654e-03
9.020000000000000000e+02,3.386959999999999624e-03
9.060000000000000000e+02,4.064352000000000242e-03
9.100000000000000000e+02,2.540219999999999718e-03
9.140000000000000000e+02,4.403047999999999684e-03
9.180000000000000000e+02,3.556307999999999778e-03
9.220000000000000000e+02,4.911091999999999715e-03
9.260000000000000000e+02,3.048263999999999748e-03
9.300000000000000000e+02,5.927179999999999775e-03
9.340000000000000000e+02,6.435223999999999805e-03
9.380000000000000000e+02,1.033022800000000033e-02
9.420000000000000000e+02,1.727349599999999930e-02
9.460000000000000000e+02,3.149872799999999667e-02
9.500000000000000000e+02,7.281963999999999104e-02
9.540000000000000000e+02,1.856054079999999995e-01
9.580000000000000000e+02,4.257408719999999924e-01
9.620000000000000000e+02,6.834885279999999286e-01
9.660000000000000000e+02,8.238780199999999887e-01
9.700000000000000000e+02,8.536832679999999396e-01
9.740000000000000000e+02,7.359864079999999253e-01
9.780000000000000000e+02,4.406434959999999679e-01
9.820000000000000000e+02,1.419136239999999882e-01
9.860000000000000000e+02,3.319220800000000082e-02
9.900000000000000000e+02,1.879762800000000025e-02
9.940000000000000000e+02,1.422523199999999911e-02
9.980000000000000000e+02,1.456392799999999856e-02
1.002000000000000000e+03,1.202370799999999927e-02
1.006000000000000000e+03,1.388653599999999967e-02
1.010000000000000000e+03,1.473327600000000001e-02
1.014000000000000000e+03,1.795088799999999818e-02
1.018000000000000000e+03,2.049110799999999746e-02
1.022000000000000000e+03,2.235393599999999786e-02
1.026000000000000000e+03,2.218458799999999814e-02
1.030000000000000000e+03,1.930567199999999942e-02
1.034000000000000000e+03,1.608805999999999778e-02
1.038000000000000000e+03,1.066892399999999977e-02
1.042000000000000000e+03,8.128704000000000485e-03
1.046000000000000000e+03,6.604571999999999526e-03
1.050000000000000000e+03,5.927179999999999775e-03
1.054000000000000000e+03,5.588483999999999466e-03
1.058000000000000000e+03,4.741743999999999994e-03
1.062000000000000000e+03,4.064352000000000242e-03
1.066000000000000000e+03,4.572395999999999405e-03
1.070000000000000000e+03,4.572395999999999405e-03
1.074000000000000000e+03,4.403047999999999684e-03
1.078000000000000000e+03,4.741743999999999994e-03
1.082000000000000000e+03,4.741743999999999994e-03
1.086000000000000000e+03,5.249788000000000024e-03
1.090000000000000000e+03,4.911091999999999715e-03
1.094000000000000000e+03,5.080439999999999436e-03
1.098000000000000000e+03,5.249788000000000024e-03
1.102000000000000000e+03,4.572395999999999405e-03
1.106000000000000000e+03,5.249788000000000024e-03
1.110000000000000000e+03,4.911091999999999715e-03
1.114000000000000000e+03,5.419135999999999745e-03
1.118000000000000000e+03,5.927179999999999775e-03
1.122000000000000000e+03,6.604571999999999526e-03
1.126000000000000000e+03,7.281963999999999278e-03
1.130000000000000000e+03,8.636747999999999648e-03
1.134000000000000000e+03,1.016087999999999887e-02
1.138000000000000000e+03,1.168501199999999983e-02
1.142000000000000000e+03,1.320914399999999905e-02
1.146000000000000000e+03,1.422523199999999911e-02
1.150000000000000000e+03,1.507197199999999945e-02
1.154000000000000000e+03,1.693479999999999985e-02
1.158000000000000000e+03,2.015241199999999802e-02
1.162000000000000000e+03,2.404741599999999854e-02
1.166000000000000000e+03,2.980524799999999946e-02
1.170000000000000000e+03,3.844199599999999911e-02
1.174000000000000000e+03,5.029635600000000040e-02
1.178000000000000000e+03,6.756985199999999969e-02
1.182000000000000000e+03,9.415748799999999752e-02
1.186000000000000000e+03,1.366638359999999830e-01
1.190000000000000000e+03,2.079593439999999904e-01
1.194000000000000000e+03,3.248094639999999922e-01
1.198000000000000000e+03,4.975444239999999851e-01
1.202000000000000000e+03,7.276883559999999251e-01
1.206000000000000000e+03,1.011346255999999943e+00
1.210000000000000000e+03,1.296189591999999946e+00
1.214000000000000000e+03,1.579678143999999840e+00
1.218000000000000000e+03,1.693479999999999874e+00
1.222000000000000000e+03,1.602370775999999886e+00
1.226000000000000000e+03,1.374597716000000025e+00
1.230000000000000000e+03,1.067231095999999990e+00
1.234000000000000000e+03,7.911938559999999176e-01
1.238000000000000000e+03,6.594411119999999960e-01
1.242000000000000000e+03,6.257408599999999543e-01
1.246000000000000000e+03,6.291278200000000043e-01
1.250000000000000000e+03,6.567315440000000004e-01
1.254000000000000000e+03,6.977137599999999606e-01
1.258000000000000000e+03,7.920405959999999856e-01
1.262000000000000000e+03,9.148178959999999638e-01
1.266000000000000000e+03,1.042675636000000017e+00
1.270000000000000000e+03,1.097544387999999982e+00
1.274000000000000000e+03,1.009652776000000030e+00
1.278000000000000000e+03,8.436917359999999144e-01
1.282000000000000000e+03,6.223539000000000154e-01
1.286000000000000000e+03,3.969517119999999566e-01
1.290000000000000000e+03,2.282811039999999847e-01
1.294000000000000000e+03,1.341236160000000011e-01
1.298000000000000000e+03,8.738356799999999480e-02
1.302000000000000000e+03,6.773919999999999941e-02
1.306000000000000000e+03,6.265875999999999391e-02
1.310000000000000000e+03,7.112615999999999383e-02
1.314000000000000000e+03,9.415748799999999752e-02
1.318000000000000000e+03,1.393734040000000063e-01
1.322000000000000000e+03,2.186282679999999867e-01
1.326000000000000000e+03,3.348009959999999618e-01
1.330000000000000000e+03,4.680778719999999504e-01
1.334000000000000000e+03,5.473327359999999864e-01
1.338000000000000000e+03,5.510583919999999525e-01
1.342000000000000000e+03,4.631667800000000002e-01
1.346000000000000000e+03,3.303979479999999969e-01
1.350000000000000000e+03,1.740897439999999907e-01
1.354000000000000000e+03,6.401354399999999167e-02
1.358000000000000000e+03,2.641828799999999811e-02
1.362000000000000000e+03,1.473327600000000001e-02
1.366000000000000000e+03,1.049957600000000005e-02
1.370000000000000000e+03,9.483487999999999987e-03
1.374000000000000000e+03,7.451311999999999866e-03
1.378000000000000000e+03,7.959355999999999029e-03
1.382000000000000000e+03,8.128704000000000485e-03
1.386000000000000000e+03,8.467399999999999927e-03
1.390000000000000000e+03,9.314140000000000266e-03
1.394000000000000000e+03,9.991531999999999150e-03
1.398000000000000000e+03,9.991531999999999150e-03
1.402000000000000000e+03,1.100761999999999921e-02
1.406000000000000000e+03,1.066892399999999977e-02
1.410000000000000000e+03,9.483487999999999987e-03
1.414000000000000000e+03,9.144791999999998811e-03
1.418000000000000000e+03,6.773919999999999247e-03
1.422000000000000000e+03,7.451311999999999866e-03
1.426000000000000000e+03,7.112615999999999557e-03
1.430000000000000000e+03,8.298052000000000206e-03
1.434000000000000000e+03,7.451311999999999866e-03
1.438000000000000000e+03,7.281963999999999278e-03
1.442000000000000000e+03,7.451311999999999866e-03
1.446000000000000000e+03,6.435223999999999805e-03
1.450000000000000000e+03,5.249788000000000024e-03
1.454000000000000000e+03,4.064352000000000242e-03
1.458000000000000000e+03,3.048263999999999748e-03
1.462000000000000000e+03,3.556307999999999778e-03
1.466000000000000000e+03,3.725655999999999933e-03
1.470000000000000000e+03,4.403047999999999684e-03
1.474000000000000000e+03,3.217611999999999903e-03
1.478000000000000000e+03,3.217611999999999903e-03
1.482000000000000000e+03,4.064352000000000242e-03
1.486000000000000000e+03,3.556307999999999778e-03
1.490000000000000000e+03,2.709567999999999872e-03
1.494000000000000000e+03,4.064352000000000242e-03
1.498000000000000000e+03,3.725655999999999933e-03
1.502000000000000000e+03,4.064352000000000242e-03
1.506000000000000000e+03,2.709567999999999872e-03
1.510000000000000000e+03,1.693479999999999812e-03
1.514000000000000000e+03,2.540219999999999718e-03
1.518000000000000000e+03,2.370871999999999997e-03
1.522000000000000000e+03,1.524131999999999874e-03
1.526000000000000000e+03,2.201523999999999842e-03
1.530000000000000000e+03,2.032176000000000121e-03
1.534000000000000000e+03,2.878916000000000027e-03
1.538000000000000000e+03,2.878916000000000027e-03
1.542000000000000000e+03,2.032176000000000121e-03
1.546000000000000000e+03,2.878916000000000027e-03
1.550000000000000000e+03,4.064352000000000242e-03
1.554000000000000000e+03,3.386959999999999624e-03
1.558000000000000000e+03,2.370871999999999997e-03
1.562000000000000000e+03,3.386959999999999624e-03
1.566000000000000000e+03,3.217611999999999903e-03
1.570000000000000000e+03,2.878916000000000027e-03
1.574000000000000000e+03,2.709567999999999872e-03
1.578000000000000000e+03,3.386959999999999624e-03
1.582000000000000000e+03,3.217611999999999903e-03
1.586000000000000000e+03,4.233699999999999963e-03
1.590000000000000000e+03,5.249788000000000024e-03
1.594000000000000000e+03,6.265876000000000084e-03
1.598000000000000000e+03,6.435223999999999805e-03
1.602000000000000000e+03,6.435223999999999805e-03
1.606000000000000000e+03,5.419135999999999745e-03
1.610000000000000000e+03,4.233699999999999963e-03
1.614000000000000000e+03,3.217611999999999903e-03
1.618000000000000000e+03,2.540219999999999718e-03
1.622000000000000000e+03,2.201523999999999842e-03
1.626000000000000000e+03,1.693479999999999812e-03
1.630000000000000000e+03,2.032176000000000121e-03
1.634000000000000000e+03,1.862827999999999967e-03
1.638000000000000000e+03,1.524131999999999874e-03
1.642000000000000000e+03,2.201523999999999842e-03
1.646000000000000000e+03,1.693479999999999812e-03
1.650000000000000000e+03,1.016088000000000061e-03
1.654000000000000000e+03,1.185435999999999998e-03
1.658000000000000000e+03,2.370871999999999997e-03
1.662000000000000000e+03,2.032176000000000121e-03
1.666000000000000000e+03,2.032176000000000121e-03
1.670000000000000000e+03,2.032176000000000121e-03
1.674000000000000000e+03,1.693479999999999812e-03
1.678000000000000000e+03,2.370871999999999997e-03
1.682000000000000000e+03,1.862827999999999967e-03
1.686000000000000000e+03,2.201523999999999842e-03
1.690000000000000000e+03,2.540219999999999718e-03
1.694000000000000000e+03,2.709567999999999872e-03
1.698000000000000000e+03,1.693479999999999812e-03
1.702000000000000000e+03,1.185435999999999998e-03
1.706000000000000000e+03,1.693479999999999812e-03
1.710000000000000000e+03,2.032176000000000121e-03
1.714000000000000000e+03,1.693479999999999812e-03
1.718000000000000000e+03,6.773919999999999681e-04
1.722000000000000000e+03,2.032176000000000121e-03
1.726000000000000000e+03,2.032176000000000121e-03
1.730000000000000000e+03,1.862827999999999967e-03
1.734000000000000000e+03,1.524131999999999874e-03
1.738000000000000000e+03,2.370871999999999997e-03
1.742000000000000000e+03,2.540219999999999718e-03
1.746000000000000000e+03,2.032176000000000121e-03
1.750000000000000000e+03,2.201523999999999842e-03
1.754000000000000000e+03,3.556307999999999778e-03
1.758000000000000000e+03,4.233699999999999963e-03
1.762000000000000000e+03,4.911091999999999715e-03
1.766000000000000000e+03,6.265876000000000084e-03
1.770000000000000000e+03,7.281963999999999278e-03
1.774000000000000000e+03,9.652835999999999708e-03
1.778000000000000000e+03,1.473327600000000001e-02
1.782000000000000000e+03,2.252328399999999758e-02
1.786000000000000000e+03,3.674851599999999496e-02
1.790000000000000000e+03,5.927179999999999949e-02
1.794000000000000000e+03,9.009313599999999034e-02
1.798000000000000000e+03,1.227772999999999920e-01
1.802000000000000000e+03,1.495342839999999895e-01
1.806000000000000000e+03,1.598645119999999864e-01
1.810000000000000000e+03,1.498729799999999890e-01
1.814000000000000000e+03,1.188822959999999984e-01
1.818000000000000000e+03,7.874681999999999515e-02
1.822000000000000000e+03,4.318373999999999824e-02
1.826000000000000000e+03,2.184589199999999870e-02
1.830000000000000000e+03,1.185435999999999955e-02
1.834000000000000000e+03,7.959355999999999029e-03
1.838000000000000000e+03,6.265876000000000084e-03
1.842000000000000000e+03,4.911091999999999715e-03
1.846000000000000000e+03,3.895003999999999654e-03
1.850000000000000000e+03,3.895003999999999654e-03
1.854000000000000000e+03,4.064352000000000242e-03
1.858000000000000000e+03,4.064352000000000242e-03
1.862000000000000000e+03,4.233699999999999963e-03
1.866000000000000000e+03,3.895003999999999654e-03
1.870000000000000000e+03,4.403047999999999684e-03
1.874000000000000000e+03,4.911091999999999715e-03
1.878000000000000000e+03,5.249788000000000024e-03
1.882000000000000000e+03,5.419135999999999745e-03
1.886000000000000000e+03,4.911091999999999715e-03
1.890000000000000000e+03,4.233699999999999963e-03
1.894000000000000000e+03,3.725655999999999933e-03
1.898000000000000000e+03,3.725655999999999933e-03
1.902000000000000000e+03,3.217611999999999903e-03
1.906000000000000000e+03,3.556307999999999778e-03
1.910000000000000000e+03,3.386959999999999624e-03
1.914000000000000000e+03,3.386959999999999624e-03
1.918000000000000000e+03,3.048263999999999748e-03
1.922000000000000000e+03,3.217611999999999903e-03
1.926000000000000000e+03,3.556307999999999778e-03
1.930000000000000000e+03,3.048263999999999748e-03
1.934000000000000000e+03,2.878916000000000027e-03
1.938000000000000000e+03,3.217611999999999903e-03
1.942000000000000000e+03,2.709567999999999872e-03
1.946000000000000000e+03,2.709567999999999872e-03
1.950000000000000000e+03,2.878916000000000027e-03
1.954000000000000000e+03,2.540219999999999718e-03
1.958000000000000000e+03,3.048263999999999748e-03
1.962000000000000000e+03,3.048263999999999748e-03
1.966000000000000000e+03,2.878916000000000027e-03
1.970000000000000000e+03,3.725655999999999933e-03
1.974000000000000000e+03,3.725655999999999933e-03
1.978000000000000000e+03,3.895003999999999654e-03
1.982000000000000000e+03,4.403047999999999684e-03
1.986000000000000000e+03,4.572395999999999405e-03
1.990000000000000000e+03,4.064352000000000242e-03
1.994000000000000000e+03,3.556307999999999778e-03
1.998000000000000000e+03,3.217611999999999903e-03
2.002000000000000000e+03,2.878916000000000027e-03
2.006000000000000000e+03,2.370871999999999997e-03
2.010000000000000000e+03,2.370871999999999997e-03
2.014000000000000000e+03,2.370871999999999997e-03
2.018000000000000000e+03,2.370871999999999997e-03
2.022000000000000000e+03,2.201523999999999842e-03
2.026000000000000000e+03,2.709567999999999872e-03
2.030000000000000000e+03,3.217611999999999903e-03
2.034000000000000000e+03,3.386959999999999624e-03
2.038000000000000000e+03,3.556307999999999778e-03
2.042000000000000000e+03,3.217611999999999903e-03
2.046000000000000000e+03,3.217611999999999903e-03
2.050000000000000000e+03,2.709567999999999872e-03
2.054000000000000000e+03,2.540219999999999718e-03
2.058000000000000000e+03,2.201523999999999842e-03
2.062000000000000000e+03,1.862827999999999967e-03
2.066000000000000000e+03,1.693479999999999812e-03
2.070000000000000000e+03,1.524131999999999874e-03
2.074000000000000000e+03,1.693479999999999812e-03
2.078000000000000000e+03,1.185435999999999998e-03
2.082000000000000000e+03,1.693479999999999812e-03
2.086000000000000000e+03,1.524131999999999874e-03
2.090000000000000000e+03,1.693479999999999812e-03
2.094000000000000000e+03,2.032176000000000121e-03
2.098000000000000000e+03,2.201523999999999842e-03
2.102000000000000000e+03,2.709567999999999872e-03
2.106000000000000000e+03,3.048263999999999748e-03
2.110000000000000000e+03,3.386959999999999624e-03
2.114000000000000000e+03,3.386959999999999624e-03
2.118000000000000000e+03,3.895003999999999654e-03
2.122000000000000000e+03,3.895003999999999654e-03
2.126000000000000000e+03,3.895003999999999654e-03
2.130000000000000000e+03,4.233699999999999963e-03
2.134000000000000000e+03,4.233699999999999963e-03
2.138000000000000000e+03,3.895003999999999654e-03
2.142000000000000000e+03,3.386959999999999624e-03
2.146000000000000000e+03,3.217611999999999903e-03
2.150000000000000000e+03,2.709567999999999872e-03
2.154000000000000000e+03,3.048263999999999748e-03
2.158000000000000000e+03,3.386959999999999624e-03
2.162000000000000000e+03,3.386959999999999624e-03
2.166000000000000000e+03,3.386959999999999624e-03
2.170000000000000000e+03,3.556307999999999778e-03
2.174000000000000000e+03,3.217611999999999903e-03
2.178000000000000000e+03,2.878916000000000027e-03
2.182000000000000000e+03,2.201523999999999842e-03
2.186000000000000000e+03,2.032176000000000121e-03
2.190000000000000000e+03,1.862827999999999967e-03
2.194000000000000000e+03,1.862827999999999967e-03
2.198000000000000000e+03,2.201523999999999842e-03
2.202000000000000000e+03,2.540219999999999718e-03
2.206000000000000000e+03,2.878916000000000027e-03
2.210000000000000000e+03,3.386959999999999624e-03
2.214000000000000000e+03,3.895003999999999654e-03
2.218000000000000000e+03,3.556307999999999778e-03
2.222000000000000000e+03,3.217611999999999903e-03
2.226000000000000000e+03,3.048263999999999748e-03
2.230000000000000000e+03,2.709567999999999872e-03
2.234000000000000000e+03,2.709567999999999872e-03
2.238000000000000000e+03,2.709567999999999872e-03
2.242000000000000000e+03,2.032176000000000121e-03
2.246000000000000000e+03,2.201523999999999842e-03
2.250000000000000000e+03,1.862827999999999967e-03
2.254000000000000000e+03,1.524131999999999874e-03
2.258000000000000000e+03,1.524131999999999874e-03
2.262000000000000000e+03,1.524131999999999874e-03
2.266000000000000000e+03,1.354783999999999936e-03
2.270000000000000000e+03,1.862827999999999967e-03
2.274000000000000000e+03,1.862827999999999967e-03
2.278000000000000000e+03,1.524131999999999874e-03
2.282000000000000000e+03,1.693479999999999812e-03
2.286000000000000000e+03,1.185435999999999998e-03
2.290000000000000000e+03,1.524131999999999874e-03
2.294000000000000000e+03,1.524131999999999874e-03
2.298000000000000000e+03,1.693479999999999812e-03
2.302000000000000000e+03,2.032176000000000121e-03
2.306000000000000000e+03,2.032176000000000121e-03
2.310000000000000000e+03,2.370871999999999997e-03
2.314000000000000000e+03,2.540219999999999718e-03
2.318000000000000000e+03,2.540219999999999718e-03
2.322000000000000000e+03,2.540219999999999718e-03
2.326000000000000000e+03,2.709567999999999872e-03
2.330000000000000000e+03,2.709567999999999872e-03
2.334000000000000000e+03,3.048263999999999748e-03
2.338000000000000000e+03,3.386959999999999624e-03
2.342000000000000000e+03,3.217611999999999903e-03
2.346000000000000000e+03,3.895003999999999654e-03
2.350000000000000000e+03,4.064352000000000242e-03
2.354000000000000000e+03,3.895003999999999654e-03
2.358000000000000000e+03,4.403047999999999684e-03
2.362000000000000000e+03,5.080439999999999436e-03
2.366000000000000000e+03,4.403047999999999684e-03
2.370000000000000000e+03,5.249788000000000024e-03
2.374000000000000000e+03,5.757832000000000054e-03
2.378000000000000000e+03,5.927179999999999775e-03
2.382000000000000000e+03,4.741743999999999994e-03
2.386000000000000000e+03,4.403047999999999684e-03
2.390000000000000000e+03,4.572395999999999405e-03
2.394000000000000000e+03,4.233699999999999963e-03
2.398000000000000000e+03,3.895003999999999654e-03
2.402000000000000000e+03,4.233699999999999963e-03
2.406000000000000000e+03,3.556307999999999778e-03
2.410000000000000000e+03,3.725655999999999933e-03
2.414000000000000000e+03,3.725655999999999933e-03
2.418000000000000000e+03,3.895003999999999654e-03
2.422000000000000000e+03,3.895003999999999654e-03
2.426000000000000000e+03,4.233699999999999963e-03
2.430000000000000000e+03,4.064352000000000242e-03
2.434000000000000000e+03,4.403047999999999684e-03
2.438000000000000000e+03,4.911091999999999715e-03
2.442000000000000000e+03,5.080439999999999436e-03
2.446000000000000000e+03,5.080439999999999436e-03
2.450000000000000000e+03,5.419135999999999745e-03
2.454000000000000000e+03,5.757832000000000054e-03
2.458000000000000000e+03,5.927179999999999775e-03
2.462000000000000000e+03,5.757832000000000054e-03
2.466000000000000000e+03,5.419135999999999745e-03
2.470000000000000000e+03,5.249788000000000024e-03
2.474000000000000000e+03,4.572395999999999405e-03
2.478000000000000000e+03,4.064352000000000242e-03
2.482000000000000000e+03,3.556307999999999778e-03
2.486000000000000000e+03,3.386959999999999624e-03
2.490000000000000000e+03,3.217611999999999903e-03
2.494000000000000000e+03,3.217611999999999903e-03
2.498000000000000000e+03,3.217611999999999903e-03
2.502000000000000000e+03,3.386959999999999624e-03
2.506000000000000000e+03,3.556307999999999778e-03
2.510000000000000000e+03,3.556307999999999778e-03
2.514000000000000000e+03,3.725655999999999933e-03
2.518000000000000000e+03,3.895003999999999654e-03
2.522000000000000000e+03,3.556307999999999778e-03
2.526000000000000000e+03,3.556307999999999778e-03
2.530000000000000000e+03,3.048263999999999748e-03
2.534000000000000000e+03,2.709567999999999872e-03
2.538000000000000000e+03,2.540219999999999718e-03
2.542000000000000000e+03,2.370871999999999997e-03
2.546000000000000000e+03,1.862827999999999967e-03
2.550000000000000000e+03,1.693479999999999812e-03
2.554000000000000000e+03,1.693479999999999812e-03
2.558000000000000000e+03,1.524131999999999874e-03
2.562000000000000000e+03,1.693479999999999812e-03
2.566000000000000000e+03,1.862827999999999967e-03
2.570000000000000000e+03,1.693479999999999812e-03
2.574000000000000000e+03,2.370871999999999997e-03
2.578000000000000000e+03,2.201523999999999842e-03
2.582000000000000000e+03,2.540219999999999718e-03
2.586000000000000000e+03,2.540219999999999718e-03
2.590000000000000000e+03,2.370871999999999997e-03
2.594000000000000000e+03,2.370871999999999997e-03
2.598000000000000000e+03,2.370871999999999997e-03
2.602000000000000000e+03,2.540219999999999718e-03
2.606000000000000000e+03,2.709567999999999872e-03
2.610000000000000000e+03,2.709567999999999872e-03
2.614000000000000000e+03,2.201523999999999842e-03
2.618000000000000000e+03,1.693479999999999812e-03
2.622000000000000000e+03,1.354783999999999936e-03
2.626000000000000000e+03,1.185435999999999998e-03
2.630000000000000000e+03,6.773919999999999681e-04
2.634000000000000000e+03,1.693479999999999920e-04
2.638000000000000000e+03,3.386959999999999841e-04
2.642000000000000000e+03,3.386959999999999841e-04
2.646000000000000000e+03,1.693479999999999920e-04
2.650000000000000000e+03,1.693479999999999920e-04
2.654000000000000000e+03,0.000000000000000000e+00
2.658000000000000000e+03,0.000000000000000000e+00
2.662000000000000000e+03,0.000000000000000000e+00
2.666000000000000000e+03,0.000000000000000000e+00
2.670000000000000000e+03,0.000000000000000000e+00
2.674000000000000000e+03,3.386959999999999841e-04
2.678000000000000000e+03,0.000000000000000000e+00
2.682000000000000000e+03,1.693479999999999920e-04
2.686000000000000000e+03,1.693479999999999920e-04
2.690000000000000000e+03,1.693479999999999920e-04
2.694000000000000000e+03,5.080440000000000303e-04
2.698000000000000000e+03,5.080440000000000303e-04
2.702000000000000000e+03,1.016088000000000061e-03
2.706000000000000000e+03,6.773919999999999681e-04
2.710000000000000000e+03,6.773919999999999681e-04
2.714000000000000000e+03,6.773919999999999681e-04
2.718000000000000000e+03,1.016088000000000061e-03
2.722000000000000000e+03,1.016088000000000061e-03
2.726000000000000000e+03,1.693479999999999920e-04
2.730000000000000000e+03,6.773919999999999681e-04
2.734000000000000000e+03,6.773919999999999681e-04
2.738000000000000000e+03,3.386959999999999841e-04
2.742000000000000000e+03,6.773919999999999681e-04
2.746000000000000000e+03,1.185435999999999998e-03
2.750000000000000000e+03,1.016088000000000061e-03
2.754000000000000000e+03,1.524131999999999874e-03
2.758000000000000000e+03,2.370871999999999997e-03
2.762000000000000000e+03,2.878916000000000027e-03
2.766000000000000000e+03,3.217611999999999903e-03
2.770000000000000000e+03,3.217611999999999903e-03
2.774000000000000000e+03,2.540219999999999718e-03
2.778000000000000000e+03,1.862827999999999967e-03
2.782000000000000000e+03,1.524131999999999874e-03
2.786000000000000000e+03,8.467399999999999059e-04
2.790000000000000000e+03,5.080440000000000303e-04
2.794000000000000000e+03,5.080440000000000303e-04
2.798000000000000000e+03,5.080440000000000303e-04
2.802000000000000000e+03,1.693479999999999920e-04
2.806000000000000000e+03,5.080440000000000303e-04
2.810000000000000000e+03,3.386959999999999841e-04
2.814000000000000000e+03,6.773919999999999681e-04
2.818000000000000000e+03,3.386959999999999841e-04
2.822000000000000000e+03,5.080440000000000303e-04
2.826000000000000000e+03,6.773919999999999681e-04
2.830000000000000000e+03,6.773919999999999681e-04
2.834000000000000000e+03,5.080440000000000303e-04
2.838000000000000000e+03,1.693479999999999920e-04
2.842000000000000000e+03,3.386959999999999841e-04
2.846000000000000000e+03,3.386959999999999841e-04
2.850000000000000000e+03,5.080440000000000303e-04
2.854000000000000000e+03,6.773919999999999681e-04
2.858000000000000000e+03,6.773919999999999681e-04
2.862000000000000000e+03,6.773919999999999681e-04
2.866000000000000000e+03,5.080440000000000303e-04
2.870000000000000000e+03,5.080440000000000303e-04
2.874000000000000000e+03,5.080440000000000303e-04
2.878000000000000000e+03,6.773919999999999681e-04
2.882000000000000000e+03,6.773919999999999681e-04
2.886000000000000000e+03,6.773919999999999681e-04
2.890000000000000000e+03,5.080440000000000303e-04
2.894000000000000000e+03,3.386959999999999841e-04
2.898000000000000000e+03,1.693479999999999920e-04
2.902000000000000000e+03,5.080440000000000303e-04
2.906000000000000000e+03,8.467399999999999059e-04
2.910000000000000000e+03,5.080440000000000303e-04
2.914000000000000000e+03,8.467399999999999059e-04
2.918000000000000000e+03,6.773919999999999681e-04
2.922000000000000000e+03,6.773919999999999681e-04
2.926000000000000000e+03,3.386959999999999841e-04
2.930000000000000000e+03,5.080440000000000303e-04
2.934000000000000000e+03,1.693479999999999920e-04
2.938000000000000000e+03,5.080440000000000303e-04
2.942000000000000000e+03,1.693479999999999920e-04
2.946000000000000000e+03,5.080440000000000303e-04
2.950000000000000000e+03,6.773919999999999681e-04
2.954000000000000000e+03,3.386959999999999841e-04
2.958000000000000000e+03,8.467399999999999059e-04
2.962000000000000000e+03,8.467399999999999059e-04
2.966000000000000000e+03,1.016088000000000061e-03
2.970000000000000000e+03,5.080440000000000303e-04
2.974000000000000000e+03,5.080440000000000303e-04
2.978000000000000000e+03,5.080440000000000303e-04
2.982000000000000000e+03,5.080440000000000303e-04
2.986000000000000000e+03,3.386959999999999841e-04
2.990000000000000000e+03,8.467399999999999059e-04
2.994000000000000000e+03,1.185435999999999998e-03
2.998000000000000000e+03,1.016088000000000061e-03
3.002000000000000000e+03,8.467399999999999059e-04
3.006000000000000000e+03,5.080440000000000303e-04
3.010000000000000000e+03,6.773919999999999681e-04
3.014000000000000000e+03,8.467399999999999059e-04
3.018000000000000000e+03,8.467399999999999059e-04
3.022000000000000000e+03,8.467399999999999059e-04
3.026000000000000000e+03,6.773919999999999681e-04
3.030000000000000000e+03,3.386959999999999841e-04
3.034000000000000000e+03,6.773919999999999681e-04
3.038000000000000000e+03,6.773919999999999681e-04
3.042000000000000000e+03,1.185435999999999998e-03
3.046000000000000000e+03,1.016088000000000061e-03
3.050000000000000000e+03,8.467399999999999059e-04
3.054000000000000000e+03,1.185435999999999998e-03
3.058000000000000000e+03,1.185435999999999998e-03
3.062000000000000000e+03,1.185435999999999998e-03
3.066000000000000000e+03,1.016088000000000061e-03
3.070000000000000000e+03,1.185435999999999998e-03
3.074000000000000000e+03,8.467399999999999059e-04
3.078000000000000000e+03,8.467399999999999059e-04
3.082000000000000000e+03,1.016088000000000061e-03
3.086000000000000000e+03,1.185435999999999998e-03
3.090000000000000000e+03,8.467399999999999059e-04
3.094000000000000000e+03,8.467399999999999059e-04
3.098000000000000000e+03,1.016088000000000061e-03
3.102000000000000000e+03,1.016088000000000061e-03
3.106000000000000000e+03,8.467399999999999059e-04
3.110000000000000000e+03,1.185435999999999998e-03
3.114000000000000000e+03,1.016088000000000061e-03
3.118000000000000000e+03,1.016088000000000061e-03
3.122000000000000000e+03,1.524131999999999874e-03
3.126000000000000000e+03,2.032176000000000121e-03
3.130000000000000000e+03,2.032176000000000121e-03
3.134000000000000000e+03,2.540219999999999718e-03
3.138000000000000000e+03,2.878916000000000027e-03
3.142000000000000000e+03,2.878916000000000027e-03
3.146000000000000000e+03,2.709567999999999872e-03
3.150000000000000000e+03,2.201523999999999842e-03
3.154000000000000000e+03,1.693479999999999812e-03
3.158000000000000000e+03,8.467399999999999059e-04
3.162000000000000000e+03,1.185435999999999998e-03
3.166000000000000000e+03,5.080440000000000303e-04
3.170000000000000000e+03,6.773919999999999681e-04
3.174000000000000000e+03,5.080440000000000303e-04
3.178000000000000000e+03,5.080440000000000303e-04
3.182000000000000000e+03,5.080440000000000303e-04
3.186000000000000000e+03,8.467399999999999059e-04
3.190000000000000000e+03,5.080440000000000303e-04
3.194000000000000000e+03,6.773919999999999681e-04
3.198000000000000000e+03,5.080440000000000303e-04
3.202000000000000000e+03,8.467399999999999059e-04
3.206000000000000000e+03,8.467399999999999059e-04
3.210000000000000000e+03,3.386959999999999841e-04
3.214000000000000000e+03,6.773919999999999681e-04
3.218000000000000000e+03,5.080440000000000303e-04
3.222000000000000000e+03,5.080440000000000303e-04
3.226000000000000000e+03,8.467399999999999059e-04
3.230000000000000000e+03,1.693479999999999920e-04
3.234000000000000000e+03,3.386959999999999841e-04
3.238000000000000000e+03,5.080440000000000303e-04
3.242000000000000000e+03,8.467399999999999059e-04
3.246000000000000000e+03,5.080440000000000303e-04
3.250000000000000000e+03,8.467399999999999059e-04
3.254000000000000000e+03,3.386959999999999841e-04
3.258000000000000000e+03,5.080440000000000303e-04
3.262000000000000000e+03,1.016088000000000061e-03
3.266000000000000000e+03,3.386959999999999841e-04
3.270000000000000000e+03,3.386959999999999841e-04
3.274000000000000000e+03,5.080440000000000303e-04
3.278000000000000000e+03,1.693479999999999920e-04
3.282000000000000000e+03,1.693479999999999920e-04
3.286000000000000000e+03,1.693479999999999920e-04
3.290000000000000000e+03,3.386959999999999841e-04
3.294000000000000000e+03,8.467399999999999059e-04
3.298000000000000000e+03,3.386959999999999841e-04
3.302000000000000000e+03,3.386959999999999841e-04
3.306000000000000000e+03,1.693479999999999920e-04
3.310000000000000000e+03,5.080440000000000303e-04
3.314000000000000000e+03,5.080440000000000303e-04
3.318000000000000000e+03,6.773919999999999681e-04
3.322000000000000000e+03,3.386959999999999841e-04
3.326000000000000000e+03,0.000000000000000000e+00
3.330000000000000000e+03,3.386959999999999841e-04
3.334000000000000000e+03,6.773919999999999681e-04
3.338000000000000000e+03,1.016088000000000061e-03
3.342000000000000000e+03,6.773919999999999681e-04
3.346000000000000000e+03,5.080440000000000303e-04
3.350000000000000000e+03,3.386959999999999841e-04
3.354000000000000000e+03,5.080440000000000303e-04
3.358000000000000000e+03,6.773919999999999681e-04
3.362000000000000000e+03,5.080440000000000303e-04
3.366000000000000000e+03,5.080440000000000303e-04
3.370000000000000000e+03,3.386959999999999841e-04
3.374000000000000000e+03,8.467399999999999059e-04
3.378000000000000000e+03,1.693479999999999920e-04
3.382000000000000000e+03,1.693479999999999920e-04
3.386000000000000000e+03,3.386959999999999841e-04
3.390000000000000000e+03,5.080440000000000303e-04
3.394000000000000000e+03,5.080440000000000303e-04
3.398000000000000000e+03,1.185435999999999998e-03
3.402000000000000000e+03,3.386959999999999841e-04
3.406000000000000000e+03,5.080440000000000303e-04
3.410000000000000000e+03,1.185435999999999998e-03
3.414000000000000000e+03,6.773919999999999681e-04
3.418000000000000000e+03,1.185435999999999998e-03
3.422000000000000000e+03,5.080440000000000303e-04
3.426000000000000000e+03,1.693479999999999920e-04
3.430000000000000000e+03,6.773919999999999681e-04
3.434000000000000000e+03,5.080440000000000303e-04
3.438000000000000000e+03,3.386959999999999841e-04
3.442000000000000000e+03,5.080440000000000303e-04
3.446000000000000000e+03,3.386959999999999841e-04
3.450000000000000000e+03,5.080440000000000303e-04
3.454000000000000000e+03,1.693479999999999920e-04
3.458000000000000000e+03,3.386959999999999841e-04
3.462000000000000000e+03,1.016088000000000061e-03
3.466000000000000000e+03,3.386959999999999841e-04
3.470000000000000000e+03,1.693479999999999920e-04
3.474000000000000000e+03,8.467399999999999059e-04
3.478000000000000000e+03,3.386959999999999841e-04
3.482000000000000000e+03,3.386959999999999841e-04
3.486000000000000000e+03,6.773919999999999681e-04
3.490000000000000000e+03,8.467399999999999059e-04
3.494000000000000000e+03,8.467399999999999059e-04
3.498000000000000000e+03,1.016088000000000061e-03
3.502000000000000000e+03,6.773919999999999681e-04
3.506000000000000000e+03,5.080440000000000303e-04
3.510000000000000000e+03,3.386959999999999841e-04
3.514000000000000000e+03,6.773919999999999681e-04
3.518000000000000000e+03,1.185435999999999998e-03
3.522000000000000000e+03,8.467399999999999059e-04
3.526000000000000000e+03,1.016088000000000061e-03
3.530000000000000000e+03,1.693479999999999920e-04
3.534000000000000000e+03,3.386959999999999841e-04
3.538000000000000000e+03,1.185435999999999998e-03
3.542000000000000000e+03,1.185435999999999998e-03
3.546000000000000000e+03,5.080440000000000303e-04
3.550000000000000000e+03,6.773919999999999681e-04
3.554000000000000000e+03,6.773919999999999681e-04
3.558000000000000000e+03,1.185435999999999998e-03
3.562000000000000000e+03,2.201523999999999842e-03
3.566000000000000000e+03,2.032176000000000121e-03
3.570000000000000000e+03,3.556307999999999778e-03
3.574000000000000000e+03,4.572395999999999405e-03
3.578000000000000000e+03,5.588483999999999466e-03
3.582000000000000000e+03,6.943267999999999836e-03
3.586000000000000000e+03,8.298052000000000206e-03
3.590000000000000000e+03,8.636747999999999648e-03
3.594000000000000000e+03,7.620659999999999587e-03
3.598000000000000000e+03,5.927179999999999775e-03
3.602000000000000000e+03,4.572395999999999405e-03
3.606000000000000000e+03,3.217611999999999903e-03
3.610000000000000000e+03,2.032176000000000121e-03
3.614000000000000000e+03,5.080440000000000303e-04
3.618000000000000000e+03,6.773919999999999681e-04
3.622000000000000000e+03,1.016088000000000061e-03
3.626000000000000000e+03,0.000000000000000000e+00
3.630000000000000000e+03,3.386959999999999841e-04
3.634000000000000000e+03,1.185435999999999998e-03
3.638000000000000000e+03,1.185435999999999998e-03
3.642000000000000000e+03,1.185435999999999998e-03
3.646000000000000000e+03,8.467399999999999059e-04
3.650000000000000000e+03,8.467399999999999059e-04
3.654000000000000000e+03,1.016088000000000061e-03
3.658000000000000000e+03,3.386959999999999841e-04
3.662000000000000000e+03,8.467399999999999059e-04
3.666000000000000000e+03,8.467399999999999059e-04
3.670000000000000000e+03,1.016088000000000061e-03
3.674000000000000000e+03,6.773919999999999681e-04
3.678000000000000000e+03,1.524131999999999874e-03
3.682000000000000000e+03,1.693479999999999920e-04
3.686000000000000000e+03,8.467399999999999059e-04
3.690000000000000000e+03,6.773919999999999681e-04
3.694000000000000000e+03,5.080440000000000303e-04
3.698000000000000000e+03,3.386959999999999841e-04
3.702000000000000000e+03,1.524131999999999874e-03
3.706000000000000000e+03,6.773919999999999681e-04
3.710000000000000000e+03,1.016088000000000061e-03
3.714000000000000000e+03,1.185435999999999998e-03
3.718000000000000000e+03,0.000000000000000000e+00
3.722000000000000000e+03,1.693479999999999920e-04
3.726000000000000000e+03,3.386959999999999841e-04
3.730000000000000000e+03,6.773919999999999681e-04
3.734000000000000000e+03,8.467399999999999059e-04
3.738000000000000000e+03,1.354783999999999936e-03
3.742000000000000000e+03,1.354783999999999936e-03
3.746000000000000000e+03,1.524131999999999874e-03
3.750000000000000000e+03,0.000000000000000000e+00
3.754000000000000000e+03,1.354783999999999936e-03
3.758000000000000000e+03,1.016088000000000061e-03
3.762000000000000000e+03,3.386959999999999841e-04
3.766000000000000000e+03,1.016088000000000061e-03
3.770000000000000000e+03,6.773919999999999681e-04
3.774000000000000000e+03,5.080440000000000303e-04
3.778000000000000000e+03,3.386959999999999841e-04
3.782000000000000000e+03,1.524131999999999874e-03
3.786000000000000000e+03,8.467399999999999059e-04
3.790000000000000000e+03,5.080440000000000303e-04
3.794000000000000000e+03,0.000000000000000000e+00
3.798000000000000000e+03,5.080440000000000303e-04
3.802000000000000000e+03,1.016088000000000061e-03
3.806000000000000000e+03,6.773919999999999681e-04
3.810000000000000000e+03,0.000000000000000000e+00
3.814000000000000000e+03,1.354783999999999936e-03
3.818000000000000000e+03,8.467399999999999059e-04
3.822000000000000000e+03,1.354783999999999936e-03
3.826000000000000000e+03,1.016088000000000061e-03
3.830000000000000000e+03,5.080440000000000303e-04
3.834000000000000000e+03,3.386959999999999841e-04
3.838000000000000000e+03,1.524131999999999874e-03
3.842000000000000000e+03,1.524131999999999874e-03
3.846000000000000000e+03,5.080440000000000303e-04
3.850000000000000000e+03,8.467399999999999059e-04
3.854000000000000000e+03,1.862827999999999967e-03
3.858000000000000000e+03,1.185435999999999998e-03
3.862000000000000000e+03,6.773919999999999681e-04
3.866000000000000000e+03,3.386959999999999841e-04
3.870000000000000000e+03,5.080440000000000303e-04
3.874000000000000000e+03,1.016088000000000061e-03
3.878000000000000000e+03,1.016088000000000061e-03
3.882000000000000000e+03,0.000000000000000000e+00
3.886000000000000000e+03,1.354783999999999936e-03
3.890000000000000000e+03,5.080440000000000303e-04
3.894000000000000000e+03,5.080440000000000303e-04
3.898000000000000000e+03,6.773919999999999681e-04
3.902000000000000000e+03,1.693479999999999920e-04
3.906000000000000000e+03,6.773919999999999681e-04
3.910000000000000000e+03,5.080440000000000303e-04
3.914000000000000000e+03,0.000000000000000000e+00
3.918000000000000000e+03,1.016088000000000061e-03
3.922000000000000000e+03,1.693479999999999920e-04
3.926000000000000000e+03,8.467399999999999059e-04
3.930000000000000000e+03,6.773919999999999681e-04
3.934000000000000000e+03,0.000000000000000000e+00
3.938000000000000000e+03,1.016088000000000061e-03
3.942000000000000000e+03,0.000000000000000000e+00
3.946000000000000000e+03,8.467399999999999059e-04
3.950000000000000000e+03,8.467399999999999059e-04
3.954000000000000000e+03,6.773919999999999681e-04
3.958000000000000000e+03,1.185435999999999998e-03
3.962000000000000000e+03,0.000000000000000000e+00
3.966000000000000000e+03,1.524131999999999874e-03
