4.500000000000000000e+02,3.864624499999999574e-02
4.540000000000000000e+02,3.408472099999999838e-02
4.580000000000000000e+02,8.362793999999999783e-02
4.620000000000000000e+02,2.369458299999999823e-02
4.660000000000000000e+02,5.828614000000000017e-02
4.700000000000000000e+02,4.624878500000000059e-02
4.740000000000000000e+02,4.270093299999999648e-02
4.780000000000000000e+02,3.560522900000000213e-02
4.820000000000000000e+02,6.398804499999999340e-02
4.860000000000000000e+02,5.917310299999999773e-02
4.900000000000000000e+02,2.584863599999999775e-02
4.940000000000000000e+02,1.194865869999999913e-01
4.980000000000000000e+02,9.414478699999999367e-02
5.020000000000000000e+02,4.105371599999999704e-02
5.060000000000000000e+02,1.360854659999999883e-01
5.100000000000000000e+02,1.457153500000000004e-02
5.140000000000000000e+02,4.244751499999999816e-02
5.180000000000000000e+02,3.509839299999999856e-02
5.220000000000000000e+02,5.081030899999999795e-02
5.260000000000000000e+02,4.168726099999999629e-02
5.300000000000000000e+02,5.613208699999999718e-02
5.340000000000000000e+02,1.305102699999999977e-02
5.380000000000000000e+02,2.648218100000000047e-02
5.420000000000000000e+02,6.082031999999999369e-03
5.460000000000000000e+02,5.499170600000000131e-02
5.500000000000000000e+02,2.420141899999999832e-02
5.540000000000000000e+02,1.647216999999999865e-03
5.580000000000000000e+02,4.042017099999999780e-02
5.620000000000000000e+02,4.700903899999999552e-02
5.660000000000000000e+02,3.737915499999999724e-02
5.700000000000000000e+02,7.019678599999999713e-02
5.740000000000000000e+02,5.081030899999999795e-02
5.780000000000000000e+02,4.827612900000000096e-02
5.820000000000000000e+02,3.788599100000000081e-02
5.860000000000000000e+02,3.053686899999999774e-02
5.900000000000000000e+02,9.883302000000000059e-03
5.940000000000000000e+02,2.407470999999999917e-02
5.980000000000000000e+02,3.649219199999999969e-02
6.020000000000000000e+02,3.003003299999999764e-02
6.060000000000000000e+02,3.661890099999999537e-02
6.100000000000000000e+02,2.876294299999999915e-02
6.140000000000000000e+02,3.611206499999999875e-02
6.180000000000000000e+02,3.573193799999999781e-02
6.220000000000000000e+02,3.497168399999999594e-02
6.260000000000000000e+02,3.611206499999999875e-02
6.300000000000000000e+02,3.547851999999999950e-02
6.340000000000000000e+02,3.484497500000000025e-02
6.380000000000000000e+02,3.256421300000000157e-02
6.420000000000000000e+02,3.598535599999999612e-02
6.460000000000000000e+02,3.408472099999999838e-02
6.500000000000000000e+02,3.446484799999999932e-02
6.540000000000000000e+02,3.319775800000000082e-02
6.580000000000000000e+02,3.370459399999999744e-02
6.620000000000000000e+02,3.243750399999999895e-02
6.660000000000000000e+02,3.243750399999999895e-02
6.700000000000000000e+02,3.395801199999999576e-02
6.740000000000000000e+02,3.142383199999999877e-02
6.780000000000000000e+02,3.357788500000000176e-02
6.820000000000000000e+02,3.066357800000000036e-02
6.860000000000000000e+02,3.547851999999999950e-02
6.900000000000000000e+02,3.307104899999999820e-02
6.940000000000000000e+02,3.446484799999999932e-02
6.980000000000000000e+02,3.155054100000000139e-02
7.020000000000000000e+02,3.357788500000000176e-02
7.060000000000000000e+02,3.307104899999999820e-02
7.100000000000000000e+02,3.535181099999999688e-02
7.140000000000000000e+02,3.256421300000000157e-02
7.180000000000000000e+02,3.611206499999999875e-02
7.220000000000000000e+02,3.826611800000000174e-02
7.260000000000000000e+02,3.991333500000000117e-02
7.300000000000000000e+02,4.130713399999999536e-02
7.340000000000000000e+02,4.206738799999999723e-02
7.380000000000000000e+02,4.308105999999999741e-02
7.420000000000000000e+02,4.688232999999999984e-02
7.460000000000000000e+02,4.371460499999999666e-02
7.500000000000000000e+02,4.612207599999999796e-02
7.540000000000000000e+02,4.206738799999999723e-02
7.580000000000000000e+02,4.536182199999999609e-02
7.620000000000000000e+02,4.105371599999999704e-02
7.660000000000000000e+02,4.168726099999999629e-02
7.700000000000000000e+02,3.775928199999999818e-02
7.740000000000000000e+02,3.902637199999999668e-02
7.780000000000000000e+02,3.281763099999999989e-02
7.820000000000000000e+02,4.016675299999999948e-02
7.860000000000000000e+02,3.535181099999999688e-02
7.900000000000000000e+02,4.156055200000000061e-02
7.940000000000000000e+02,3.687231900000000062e-02
7.980000000000000000e+02,4.143384299999999798e-02
8.020000000000000000e+02,3.839282699999999743e-02
8.060000000000000000e+02,4.016675299999999948e-02
8.100000000000000000e+02,4.054688000000000042e-02
8.140000000000000000e+02,4.320776900000000004e-02
8.180000000000000000e+02,5.068359999999999532e-02
8.220000000000000000e+02,6.069361100000000148e-02
8.260000000000000000e+02,5.701904999999999474e-02
8.300000000000000000e+02,6.107373799999999547e-02
8.340000000000000000e+02,6.829615099999999939e-02
8.380000000000000000e+02,7.323780199999999074e-02
8.420000000000000000e+02,7.843287100000000123e-02
8.460000000000000000e+02,8.046021500000000160e-02
8.500000000000000000e+02,7.653223600000000348e-02
8.540000000000000000e+02,7.944654299999999447e-02
8.580000000000000000e+02,8.172730500000000009e-02
8.620000000000000000e+02,7.995337899999999109e-02
8.660000000000000000e+02,6.816944199999999676e-02
8.700000000000000000e+02,6.322779099999999153e-02
8.740000000000000000e+02,6.234082800000000091e-02
8.780000000000000000e+02,5.777930399999999661e-02
8.820000000000000000e+02,5.790601299999999924e-02
8.860000000000000000e+02,5.727246799999999999e-02
8.900000000000000000e+02,5.967993900000000129e-02
8.940000000000000000e+02,6.031348400000000054e-02
8.980000000000000000e+02,6.284766399999999753e-02
9.020000000000000000e+02,6.322779099999999153e-02
9.060000000000000000e+02,6.740918799999999489e-02
9.100000000000000000e+02,6.842286000000000201e-02
9.140000000000000000e+02,7.412476499999999524e-02
9.180000000000000000e+02,7.615210899999999561e-02
9.220000000000000000e+02,8.489502999999999633e-02
9.260000000000000000e+02,9.148389799999999406e-02
9.300000000000000000e+02,1.032678350000000023e-01
9.340000000000000000e+02,1.137846819999999981e-01
9.380000000000000000e+02,1.282295079999999921e-01
9.420000000000000000e+02,1.388730639999999905e-01
9.460000000000000000e+02,1.482495299999999905e-01
9.500000000000000000e+02,1.534445989999999871e-01
9.540000000000000000e+02,1.571191600000000077e-01
9.580000000000000000e+02,1.609204300000000032e-01
9.620000000000000000e+02,1.629477739999999897e-01
9.660000000000000000e+02,1.586396679999999837e-01
9.700000000000000000e+02,1.567390329999999998e-01
9.740000000000000000e+02,1.568657420000000025e-01
9.780000000000000000e+02,1.626943559999999844e-01
9.820000000000000000e+02,1.661154989999999998e-01
9.860000000000000000e+02,1.711838589999999938e-01
9.900000000000000000e+02,1.768857640000000009e-01
9.940000000000000000e+02,1.996933840000000016e-01
9.980000000000000000e+02,2.126177019999999918e-01
1.002000000000000000e+03,2.321308879999999797e-01
1.006000000000000000e+03,2.478428039999999999e-01
1.010000000000000000e+03,2.837014509999999934e-01
1.014000000000000000e+03,3.269092200000000004e-01
1.018000000000000000e+03,3.722710419999999965e-01
1.022000000000000000e+03,4.143384299999999798e-01
1.026000000000000000e+03,4.646419029999999672e-01
1.030000000000000000e+03,5.138049949999999866e-01
1.034000000000000000e+03,5.627146690000000007e-01
1.038000000000000000e+03,5.954055910000000118e-01
1.042000000000000000e+03,5.989534429999999743e-01
1.046000000000000000e+03,5.970528079999999349e-01
1.050000000000000000e+03,5.959124270000000223e-01
1.054000000000000000e+03,5.876763419999999627e-01
1.058000000000000000e+03,5.594202349999999324e-01
1.062000000000000000e+03,5.228013339999999509e-01
1.066000000000000000e+03,5.074695449999999664e-01
1.070000000000000000e+03,4.982197879999999968e-01
1.074000000000000000e+03,4.833948349999999672e-01
1.078000000000000000e+03,4.627412679999999834e-01
1.082000000000000000e+03,4.285298379999999963e-01
1.086000000000000000e+03,3.753120580000000039e-01
1.090000000000000000e+03,3.233613679999999824e-01
1.094000000000000000e+03,2.800268899999999728e-01
1.098000000000000000e+03,2.442949519999999819e-01
1.102000000000000000e+03,2.154052999999999940e-01
1.106000000000000000e+03,1.886697009999999952e-01
1.110000000000000000e+03,1.666223349999999825e-01
1.114000000000000000e+03,1.483762389999999931e-01
1.118000000000000000e+03,1.345649579999999845e-01
1.122000000000000000e+03,1.196132959999999940e-01
1.126000000000000000e+03,1.089697399999999955e-01
1.130000000000000000e+03,9.832618399999999703e-02
1.134000000000000000e+03,9.211744299999999330e-02
1.138000000000000000e+03,8.527515699999999033e-02
1.142000000000000000e+03,8.350123099999999521e-02
1.146000000000000000e+03,7.957325199999999710e-02
1.150000000000000000e+03,7.855958000000000385e-02
1.154000000000000000e+03,7.843287100000000123e-02
1.158000000000000000e+03,8.109376000000000084e-02
1.162000000000000000e+03,8.033350599999999897e-02
1.166000000000000000e+03,8.540186599999999295e-02
1.170000000000000000e+03,8.818946399999999519e-02
1.174000000000000000e+03,9.351124199999999442e-02
1.178000000000000000e+03,9.743922099999999253e-02
1.182000000000000000e+03,1.035212529999999936e-01
1.186000000000000000e+03,1.092231580000000007e-01
1.190000000000000000e+03,1.155586079999999932e-01
1.194000000000000000e+03,1.211338039999999977e-01
1.198000000000000000e+03,1.263288730000000082e-01
1.202000000000000000e+03,1.296233069999999932e-01
1.206000000000000000e+03,1.351985029999999977e-01
1.210000000000000000e+03,1.359587569999999856e-01
1.214000000000000000e+03,1.388730639999999905e-01
1.218000000000000000e+03,1.357053390000000082e-01
1.222000000000000000e+03,1.368457200000000040e-01
1.226000000000000000e+03,1.339314129999999992e-01
1.230000000000000000e+03,1.315239420000000048e-01
1.234000000000000000e+03,1.264555819999999831e-01
1.238000000000000000e+03,1.253152009999999872e-01
1.242000000000000000e+03,1.222741849999999936e-01
1.246000000000000000e+03,1.216406399999999943e-01
1.250000000000000000e+03,1.207536769999999898e-01
1.254000000000000000e+03,1.213872220000000030e-01
1.258000000000000000e+03,1.215139309999999917e-01
1.262000000000000000e+03,1.230344389999999954e-01
1.266000000000000000e+03,1.251884919999999846e-01
1.270000000000000000e+03,1.246816560000000018e-01
1.274000000000000000e+03,1.249350739999999932e-01
1.278000000000000000e+03,1.249350739999999932e-01
1.282000000000000000e+03,1.225276029999999988e-01
1.286000000000000000e+03,1.196132959999999940e-01
1.290000000000000000e+03,1.179660790000000015e-01
1.294000000000000000e+03,1.140380999999999895e-01
1.298000000000000000e+03,1.096032849999999947e-01
1.302000000000000000e+03,1.046616340000000034e-01
1.306000000000000000e+03,1.014939089999999933e-01
1.310000000000000000e+03,9.921314700000000153e-02
1.314000000000000000e+03,9.832618399999999703e-02
1.318000000000000000e+03,9.857960200000000228e-02
1.322000000000000000e+03,1.008603639999999940e-01
1.326000000000000000e+03,1.032678350000000023e-01
1.330000000000000000e+03,1.092231580000000007e-01
1.334000000000000000e+03,1.132778460000000015e-01
1.338000000000000000e+03,1.165722800000000003e-01
1.342000000000000000e+03,1.169524069999999943e-01
1.346000000000000000e+03,1.202468409999999932e-01
1.350000000000000000e+03,1.212605130000000003e-01
1.354000000000000000e+03,1.254419099999999898e-01
1.358000000000000000e+03,1.272158359999999988e-01
1.362000000000000000e+03,1.350717939999999950e-01
1.366000000000000000e+03,1.459687679999999987e-01
1.370000000000000000e+03,1.657353719999999919e-01
1.374000000000000000e+03,1.849951400000000024e-01
1.378000000000000000e+03,2.023542730000000012e-01
1.382000000000000000e+03,2.147717549999999809e-01
1.386000000000000000e+03,2.222475859999999970e-01
1.390000000000000000e+03,2.242749299999999835e-01
1.394000000000000000e+03,2.221208769999999944e-01
1.398000000000000000e+03,2.034946539999999970e-01
1.402000000000000000e+03,1.781528539999999994e-01
1.406000000000000000e+03,1.515439640000000032e-01
1.410000000000000000e+03,1.289897620000000078e-01
1.414000000000000000e+03,1.122641739999999944e-01
1.418000000000000000e+03,1.030144169999999970e-01
1.422000000000000000e+03,9.731251199999998991e-02
1.426000000000000000e+03,9.680567599999999329e-02
1.430000000000000000e+03,9.921314700000000153e-02
1.434000000000000000e+03,1.046616340000000034e-01
1.438000000000000000e+03,1.122641739999999944e-01
1.442000000000000000e+03,1.239214019999999999e-01
1.446000000000000000e+03,1.330444500000000085e-01
1.450000000000000000e+03,1.453352229999999856e-01
1.454000000000000000e+03,1.535713079999999897e-01
1.458000000000000000e+03,1.626943559999999844e-01
1.462000000000000000e+03,1.685229699999999942e-01
1.466000000000000000e+03,1.720708219999999844e-01
1.470000000000000000e+03,1.657353719999999919e-01
1.474000000000000000e+03,1.601601759999999874e-01
1.478000000000000000e+03,1.517973820000000085e-01
1.482000000000000000e+03,1.388730639999999905e-01
1.486000000000000000e+03,1.243015289999999939e-01
1.490000000000000000e+03,1.087163219999999902e-01
1.494000000000000000e+03,9.325782400000000305e-02
1.498000000000000000e+03,7.640552700000000086e-02
1.502000000000000000e+03,6.310108200000000278e-02
1.506000000000000000e+03,5.372461599999999587e-02
1.510000000000000000e+03,4.536182199999999609e-02
1.514000000000000000e+03,3.889966300000000099e-02
1.518000000000000000e+03,3.459155700000000194e-02
1.522000000000000000e+03,3.079028699999999952e-02
1.526000000000000000e+03,2.876294299999999915e-02
1.530000000000000000e+03,2.559521799999999944e-02
1.534000000000000000e+03,2.584863599999999775e-02
1.538000000000000000e+03,2.420141899999999832e-02
1.542000000000000000e+03,2.369458299999999823e-02
1.546000000000000000e+03,2.230078400000000058e-02
1.550000000000000000e+03,2.306103799999999898e-02
1.554000000000000000e+03,2.116040299999999777e-02
1.558000000000000000e+03,2.192065699999999964e-02
1.562000000000000000e+03,2.002002199999999843e-02
1.566000000000000000e+03,2.052685799999999852e-02
1.570000000000000000e+03,1.887964099999999909e-02
1.574000000000000000e+03,1.925976800000000003e-02
1.578000000000000000e+03,1.875293199999999993e-02
1.582000000000000000e+03,1.913305900000000087e-02
1.586000000000000000e+03,1.761255100000000060e-02
1.590000000000000000e+03,1.824609599999999984e-02
1.594000000000000000e+03,1.672558799999999957e-02
1.598000000000000000e+03,1.773925999999999975e-02
1.602000000000000000e+03,1.672558799999999957e-02
1.606000000000000000e+03,1.799267799999999806e-02
1.610000000000000000e+03,1.583862499999999854e-02
1.614000000000000000e+03,1.735913299999999881e-02
1.618000000000000000e+03,1.634546099999999863e-02
1.622000000000000000e+03,1.685229699999999872e-02
1.626000000000000000e+03,1.533178900000000018e-02
1.630000000000000000e+03,1.596533400000000116e-02
1.634000000000000000e+03,1.571191599999999938e-02
1.638000000000000000e+03,1.571191599999999938e-02
1.642000000000000000e+03,1.495166199999999924e-02
1.646000000000000000e+03,1.571191599999999938e-02
1.650000000000000000e+03,1.469824399999999920e-02
1.654000000000000000e+03,1.621875199999999947e-02
1.658000000000000000e+03,1.482495300000000009e-02
1.662000000000000000e+03,1.469824399999999920e-02
1.666000000000000000e+03,1.381128099999999990e-02
1.670000000000000000e+03,1.520507999999999929e-02
1.674000000000000000e+03,1.419140799999999911e-02
1.678000000000000000e+03,1.381128099999999990e-02
1.682000000000000000e+03,1.355786299999999986e-02
1.686000000000000000e+03,1.469824399999999920e-02
1.690000000000000000e+03,1.317773599999999892e-02
1.694000000000000000e+03,1.317773599999999892e-02
1.698000000000000000e+03,1.368457199999999901e-02
1.702000000000000000e+03,1.317773599999999892e-02
1.706000000000000000e+03,1.317773599999999892e-02
1.710000000000000000e+03,1.267089999999999883e-02
1.714000000000000000e+03,1.317773599999999892e-02
1.718000000000000000e+03,1.254419099999999967e-02
1.722000000000000000e+03,1.241748199999999878e-02
1.726000000000000000e+03,1.267089999999999883e-02
1.730000000000000000e+03,1.368457199999999901e-02
1.734000000000000000e+03,1.292431799999999888e-02
1.738000000000000000e+03,1.406469899999999995e-02
1.742000000000000000e+03,1.279760899999999972e-02
1.746000000000000000e+03,1.292431799999999888e-02
1.750000000000000000e+03,1.229077299999999963e-02
1.754000000000000000e+03,1.330444499999999981e-02
1.758000000000000000e+03,1.165722800000000038e-02
1.762000000000000000e+03,1.267089999999999883e-02
1.766000000000000000e+03,1.153051899999999949e-02
1.770000000000000000e+03,1.305102699999999977e-02
1.774000000000000000e+03,1.140381000000000034e-02
1.778000000000000000e+03,1.241748199999999878e-02
1.782000000000000000e+03,1.153051899999999949e-02
1.786000000000000000e+03,1.165722800000000038e-02
1.790000000000000000e+03,1.051684699999999931e-02
1.794000000000000000e+03,1.178393699999999954e-02
1.798000000000000000e+03,1.026342899999999926e-02
1.802000000000000000e+03,1.102368299999999940e-02
1.806000000000000000e+03,9.629884000000000013e-03
1.810000000000000000e+03,1.064355600000000020e-02
1.814000000000000000e+03,9.629884000000000013e-03
1.818000000000000000e+03,1.102368299999999940e-02
1.822000000000000000e+03,1.001001099999999921e-02
1.826000000000000000e+03,1.064355600000000020e-02
1.830000000000000000e+03,9.629884000000000013e-03
1.834000000000000000e+03,1.051684699999999931e-02
1.838000000000000000e+03,9.503174999999999123e-03
1.842000000000000000e+03,9.756592999999999169e-03
1.846000000000000000e+03,9.629884000000000013e-03
1.850000000000000000e+03,1.051684699999999931e-02
1.854000000000000000e+03,9.249756999999999077e-03
1.858000000000000000e+03,9.629884000000000013e-03
1.862000000000000000e+03,9.376465999999999967e-03
1.866000000000000000e+03,9.883302000000000059e-03
1.870000000000000000e+03,9.376465999999999967e-03
1.874000000000000000e+03,9.756592999999999169e-03
1.878000000000000000e+03,8.742920999999998985e-03
1.882000000000000000e+03,8.742920999999998985e-03
1.886000000000000000e+03,9.503174999999999123e-03
1.890000000000000000e+03,1.001001099999999921e-02
1.894000000000000000e+03,8.869629999999999875e-03
1.898000000000000000e+03,9.376465999999999967e-03
1.902000000000000000e+03,1.001001099999999921e-02
1.906000000000000000e+03,9.376465999999999967e-03
1.910000000000000000e+03,9.629884000000000013e-03
1.914000000000000000e+03,9.629884000000000013e-03
1.918000000000000000e+03,9.883302000000000059e-03
1.922000000000000000e+03,9.503174999999999123e-03
1.926000000000000000e+03,1.013672000000000011e-02
1.930000000000000000e+03,9.756592999999999169e-03
1.934000000000000000e+03,1.039013800000000015e-02
1.938000000000000000e+03,9.756592999999999169e-03
1.942000000000000000e+03,1.102368299999999940e-02
1.946000000000000000e+03,1.051684699999999931e-02
1.950000000000000000e+03,9.756592999999999169e-03
1.954000000000000000e+03,9.883302000000000059e-03
1.958000000000000000e+03,1.064355600000000020e-02
1.962000000000000000e+03,8.996338999999999031e-03
1.966000000000000000e+03,9.376465999999999967e-03
1.970000000000000000e+03,9.376465999999999967e-03
1.974000000000000000e+03,9.883302000000000059e-03
1.978000000000000000e+03,9.629884000000000013e-03
1.982000000000000000e+03,1.077026499999999935e-02
1.986000000000000000e+03,9.756592999999999169e-03
1.990000000000000000e+03,1.051684699999999931e-02
1.994000000000000000e+03,9.756592999999999169e-03
1.998000000000000000e+03,1.089697400000000024e-02
2.002000000000000000e+03,9.503174999999999123e-03
2.006000000000000000e+03,1.051684699999999931e-02
2.010000000000000000e+03,1.039013800000000015e-02
2.014000000000000000e+03,1.191064600000000043e-02
2.018000000000000000e+03,1.064355600000000020e-02
2.022000000000000000e+03,1.229077299999999963e-02
2.026000000000000000e+03,1.178393699999999954e-02
2.030000000000000000e+03,1.292431799999999888e-02
2.034000000000000000e+03,1.229077299999999963e-02
2.038000000000000000e+03,1.330444499999999981e-02
2.042000000000000000e+03,1.178393699999999954e-02
2.046000000000000000e+03,1.241748199999999878e-02
2.050000000000000000e+03,1.127710099999999944e-02
2.054000000000000000e+03,1.153051899999999949e-02
2.058000000000000000e+03,1.026342899999999926e-02
2.062000000000000000e+03,1.064355600000000020e-02
2.066000000000000000e+03,1.013672000000000011e-02
2.070000000000000000e+03,1.013672000000000011e-02
2.074000000000000000e+03,9.376465999999999967e-03
2.078000000000000000e+03,9.503174999999999123e-03
2.082000000000000000e+03,8.869629999999999875e-03
2.086000000000000000e+03,8.489502999999998939e-03
2.090000000000000000e+03,8.742920999999998985e-03
2.094000000000000000e+03,8.236084999999998893e-03
2.098000000000000000e+03,8.362793999999999783e-03
2.102000000000000000e+03,8.489502999999998939e-03
2.106000000000000000e+03,8.362793999999999783e-03
2.110000000000000000e+03,7.222412999999999576e-03
2.114000000000000000e+03,6.842285999999999507e-03
2.118000000000000000e+03,7.349121999999999599e-03
2.122000000000000000e+03,7.222412999999999576e-03
2.126000000000000000e+03,5.955323000000000214e-03
2.130000000000000000e+03,6.208740999999999392e-03
2.134000000000000000e+03,6.335449999999999415e-03
2.138000000000000000e+03,6.208740999999999392e-03
2.142000000000000000e+03,5.828614000000000191e-03
2.146000000000000000e+03,6.208740999999999392e-03
2.150000000000000000e+03,5.321778000000000099e-03
2.154000000000000000e+03,6.082031999999999369e-03
2.158000000000000000e+03,5.828614000000000191e-03
2.162000000000000000e+03,6.335449999999999415e-03
2.166000000000000000e+03,5.068360000000000053e-03
2.170000000000000000e+03,6.715576999999999484e-03
2.174000000000000000e+03,6.082031999999999369e-03
2.178000000000000000e+03,6.588867999999999461e-03
2.182000000000000000e+03,5.321778000000000099e-03
2.186000000000000000e+03,6.968994999999999530e-03
2.190000000000000000e+03,5.701905000000000168e-03
2.194000000000000000e+03,6.335449999999999415e-03
2.198000000000000000e+03,5.828614000000000191e-03
2.202000000000000000e+03,6.588867999999999461e-03
2.206000000000000000e+03,5.955323000000000214e-03
2.210000000000000000e+03,6.208740999999999392e-03
2.214000000000000000e+03,5.448487000000000122e-03
2.218000000000000000e+03,5.575196000000000145e-03
2.222000000000000000e+03,4.308105999999999915e-03
2.226000000000000000e+03,5.828614000000000191e-03
2.230000000000000000e+03,5.068360000000000053e-03
2.234000000000000000e+03,4.941651000000000030e-03
2.238000000000000000e+03,4.561523999999999961e-03
2.242000000000000000e+03,5.575196000000000145e-03
2.246000000000000000e+03,4.181396999999999892e-03
2.250000000000000000e+03,4.941651000000000030e-03
2.254000000000000000e+03,4.814942000000000007e-03
2.258000000000000000e+03,4.688232999999999984e-03
2.262000000000000000e+03,4.688232999999999984e-03
2.266000000000000000e+03,5.575196000000000145e-03
2.270000000000000000e+03,4.814942000000000007e-03
2.274000000000000000e+03,5.068360000000000053e-03
2.278000000000000000e+03,5.448487000000000122e-03
2.282000000000000000e+03,5.575196000000000145e-03
2.286000000000000000e+03,5.448487000000000122e-03
2.290000000000000000e+03,5.575196000000000145e-03
2.294000000000000000e+03,6.588867999999999461e-03
2.298000000000000000e+03,7.095703999999999553e-03
2.302000000000000000e+03,6.842285999999999507e-03
2.306000000000000000e+03,7.982667000000000582e-03
2.310000000000000000e+03,8.616211999999999829e-03
2.314000000000000000e+03,8.489502999999998939e-03
2.318000000000000000e+03,9.249756999999999077e-03
2.322000000000000000e+03,8.616211999999999829e-03
2.326000000000000000e+03,6.842285999999999507e-03
2.330000000000000000e+03,7.349121999999999599e-03
2.334000000000000000e+03,7.729248999999999668e-03
2.338000000000000000e+03,4.941651000000000030e-03
2.342000000000000000e+03,3.421142999999999754e-03
2.346000000000000000e+03,3.041015999999999685e-03
2.350000000000000000e+03,7.349121999999999599e-03
2.354000000000000000e+03,6.335449999999999415e-03
2.358000000000000000e+03,6.208740999999999392e-03
2.362000000000000000e+03,2.154052999999999957e-03
2.366000000000000000e+03,8.869629999999999442e-04
2.370000000000000000e+03,0.000000000000000000e+00
2.374000000000000000e+03,1.393799000000000036e-03
2.378000000000000000e+03,3.801269999999999606e-04
2.382000000000000000e+03,2.914307000000000095e-03
2.386000000000000000e+03,3.421142999999999754e-03
2.390000000000000000e+03,5.321778000000000099e-03
2.394000000000000000e+03,4.308105999999999915e-03
2.398000000000000000e+03,5.701905000000000168e-03
2.402000000000000000e+03,5.448487000000000122e-03
2.406000000000000000e+03,6.462158999999999438e-03
2.410000000000000000e+03,5.321778000000000099e-03
2.414000000000000000e+03,6.208740999999999392e-03
2.418000000000000000e+03,5.321778000000000099e-03
2.422000000000000000e+03,5.701905000000000168e-03
2.426000000000000000e+03,5.321778000000000099e-03
2.430000000000000000e+03,5.575196000000000145e-03
2.434000000000000000e+03,4.181396999999999892e-03
2.438000000000000000e+03,4.308105999999999915e-03
2.442000000000000000e+03,3.927978999999999846e-03
2.446000000000000000e+03,3.674560999999999800e-03
2.450000000000000000e+03,2.154052999999999957e-03
2.454000000000000000e+03,2.914307000000000095e-03
2.458000000000000000e+03,2.534180000000000026e-03
2.462000000000000000e+03,2.280761999999999980e-03
2.466000000000000000e+03,1.013671999999999967e-03
2.470000000000000000e+03,2.154052999999999957e-03
2.474000000000000000e+03,1.520507999999999842e-03
2.478000000000000000e+03,1.140380999999999990e-03
2.482000000000000000e+03,3.801269999999999606e-04
2.486000000000000000e+03,6.335450000000000066e-04
2.490000000000000000e+03,3.801269999999999606e-04
2.494000000000000000e+03,8.869629999999999442e-04
2.498000000000000000e+03,1.140380999999999990e-03
2.502000000000000000e+03,1.140380999999999990e-03
2.506000000000000000e+03,1.267090000000000013e-03
2.510000000000000000e+03,2.154052999999999957e-03
2.514000000000000000e+03,2.534180000000000026e-03
2.518000000000000000e+03,1.520507999999999842e-03
2.522000000000000000e+03,2.407471000000000003e-03
2.526000000000000000e+03,2.280761999999999980e-03
2.530000000000000000e+03,2.660889000000000049e-03
2.534000000000000000e+03,2.027343999999999934e-03
2.538000000000000000e+03,3.167724999999999708e-03
2.542000000000000000e+03,2.027343999999999934e-03
2.546000000000000000e+03,3.294433999999999731e-03
2.550000000000000000e+03,3.421142999999999754e-03
2.554000000000000000e+03,4.434814999999999938e-03
2.558000000000000000e+03,3.167724999999999708e-03
2.562000000000000000e+03,4.308105999999999915e-03
2.566000000000000000e+03,4.308105999999999915e-03
2.570000000000000000e+03,4.561523999999999961e-03
2.574000000000000000e+03,3.674560999999999800e-03
2.578000000000000000e+03,5.195069000000000076e-03
2.582000000000000000e+03,4.561523999999999961e-03
2.586000000000000000e+03,5.195069000000000076e-03
2.590000000000000000e+03,5.068360000000000053e-03
2.594000000000000000e+03,6.588867999999999461e-03
2.598000000000000000e+03,5.575196000000000145e-03
2.602000000000000000e+03,7.222412999999999576e-03
2.606000000000000000e+03,6.208740999999999392e-03
2.610000000000000000e+03,7.729248999999999668e-03
2.614000000000000000e+03,7.349121999999999599e-03
2.618000000000000000e+03,9.503174999999999123e-03
2.622000000000000000e+03,8.616211999999999829e-03
2.626000000000000000e+03,9.756592999999999169e-03
2.630000000000000000e+03,9.249756999999999077e-03
2.634000000000000000e+03,1.077026499999999935e-02
2.638000000000000000e+03,1.001001099999999921e-02
2.642000000000000000e+03,1.153051899999999949e-02
2.646000000000000000e+03,1.127710099999999944e-02
2.650000000000000000e+03,1.216406399999999874e-02
2.654000000000000000e+03,1.191064600000000043e-02
2.658000000000000000e+03,1.457153500000000004e-02
2.662000000000000000e+03,1.419140799999999911e-02
2.666000000000000000e+03,1.495166199999999924e-02
2.670000000000000000e+03,1.596533400000000116e-02
2.674000000000000000e+03,1.799267799999999806e-02
2.678000000000000000e+03,1.786596899999999891e-02
2.682000000000000000e+03,1.887964099999999909e-02
2.686000000000000000e+03,2.027344000000000021e-02
2.690000000000000000e+03,2.014673100000000106e-02
2.694000000000000000e+03,2.065356699999999768e-02
2.698000000000000000e+03,2.154052999999999871e-02
2.702000000000000000e+03,2.293432899999999983e-02
2.706000000000000000e+03,2.293432899999999983e-02
2.710000000000000000e+03,2.496167300000000019e-02
2.714000000000000000e+03,2.546850900000000029e-02
2.718000000000000000e+03,2.787597999999999812e-02
2.722000000000000000e+03,2.863623399999999999e-02
2.726000000000000000e+03,3.269092199999999726e-02
2.730000000000000000e+03,3.370459399999999744e-02
2.734000000000000000e+03,3.661890099999999537e-02
2.738000000000000000e+03,3.915308099999999930e-02
2.742000000000000000e+03,4.232080599999999554e-02
2.746000000000000000e+03,4.346118699999999835e-02
2.750000000000000000e+03,4.612207599999999796e-02
2.754000000000000000e+03,4.700903899999999552e-02
2.758000000000000000e+03,4.941650999999999683e-02
2.762000000000000000e+03,4.903638299999999589e-02
2.766000000000000000e+03,5.157056299999999982e-02
2.770000000000000000e+03,5.081030899999999795e-02
2.774000000000000000e+03,5.334448899999999494e-02
2.778000000000000000e+03,5.461157900000000037e-02
2.782000000000000000e+03,5.777930399999999661e-02
2.786000000000000000e+03,5.790601299999999924e-02
2.790000000000000000e+03,6.094702899999999979e-02
2.794000000000000000e+03,6.310108200000000278e-02
2.798000000000000000e+03,6.715577000000000352e-02
2.802000000000000000e+03,6.880298699999999601e-02
2.806000000000000000e+03,7.450489200000000312e-02
2.810000000000000000e+03,7.779932600000000198e-02
2.814000000000000000e+03,8.413477599999999446e-02
2.818000000000000000e+03,9.047022600000000081e-02
2.822000000000000000e+03,1.008603639999999940e-01
2.826000000000000000e+03,1.116306289999999951e-01
2.830000000000000000e+03,1.300034340000000010e-01
2.834000000000000000e+03,1.500234559999999995e-01
2.838000000000000000e+03,1.772658909999999810e-01
2.842000000000000000e+03,2.084363049999999884e-01
2.846000000000000000e+03,2.472092589999999868e-01
2.850000000000000000e+03,2.901636100000000162e-01
2.854000000000000000e+03,3.384397389999999617e-01
2.858000000000000000e+03,3.950786619999999694e-01
2.862000000000000000e+03,4.579263259999999947e-01
2.866000000000000000e+03,5.274895669999999370e-01
2.870000000000000000e+03,6.033882579999999551e-01
2.874000000000000000e+03,6.933516479999999316e-01
2.878000000000000000e+03,7.688702119999999418e-01
2.882000000000000000e+03,8.020679699999999634e-01
2.886000000000000000e+03,8.123313989999999540e-01
2.890000000000000000e+03,8.260159710000000155e-01
2.894000000000000000e+03,8.385601619999999423e-01
2.898000000000000000e+03,8.369129450000000192e-01
2.902000000000000000e+03,8.263960980000000234e-01
2.906000000000000000e+03,8.307042040000000016e-01
2.910000000000000000e+03,8.492037179999999408e-01
2.914000000000000000e+03,8.951990850000000055e-01
2.918000000000000000e+03,9.443621770000000248e-01
2.922000000000000000e+03,1.005689333000000074e+00
2.926000000000000000e+03,1.075759409999999860e+00
2.930000000000000000e+03,1.148363666999999921e+00
2.934000000000000000e+03,1.210957912999999886e+00
2.938000000000000000e+03,1.257079988999999953e+00
2.942000000000000000e+03,1.267090000000000050e+00
2.946000000000000000e+03,1.258853914999999990e+00
2.950000000000000000e+03,1.243141998999999887e+00
2.954000000000000000e+03,1.247830231999999873e+00
2.958000000000000000e+03,1.253785554999999885e+00
2.962000000000000000e+03,1.243268708000000000e+00
2.966000000000000000e+03,1.237059966999999983e+00
2.970000000000000000e+03,1.149504048000000056e+00
2.974000000000000000e+03,1.036226201999999930e+00
2.978000000000000000e+03,9.523448439999999682e-01
2.982000000000000000e+03,8.428682679999999205e-01
2.986000000000000000e+03,6.960125369999999867e-01
2.990000000000000000e+03,5.238150059999999719e-01
2.994000000000000000e+03,3.867158679999999626e-01
2.998000000000000000e+03,2.835747419999999908e-01
3.002000000000000000e+03,2.107170669999999801e-01
3.006000000000000000e+03,1.553452339999999987e-01
3.010000000000000000e+03,1.183462059999999955e-01
3.014000000000000000e+03,8.983668100000000156e-02
3.018000000000000000e+03,7.197071199999999225e-02
3.022000000000000000e+03,5.904639399999999511e-02
3.026000000000000000e+03,5.309107099999999663e-02
3.030000000000000000e+03,4.561524000000000134e-02
3.034000000000000000e+03,4.346118699999999835e-02
3.038000000000000000e+03,4.080029799999999873e-02
3.042000000000000000e+03,3.801269999999999649e-02
3.046000000000000000e+03,3.522510200000000119e-02
3.050000000000000000e+03,3.509839299999999856e-02
3.054000000000000000e+03,3.231079499999999632e-02
3.058000000000000000e+03,3.066357800000000036e-02
3.062000000000000000e+03,2.825610699999999906e-02
3.066000000000000000e+03,2.800268900000000075e-02
3.070000000000000000e+03,2.635547199999999785e-02
3.074000000000000000e+03,2.344116499999999992e-02
3.078000000000000000e+03,2.268091099999999805e-02
3.082000000000000000e+03,2.065356699999999768e-02
3.086000000000000000e+03,1.976660400000000012e-02
3.090000000000000000e+03,1.976660400000000012e-02
3.094000000000000000e+03,1.849951399999999815e-02
3.098000000000000000e+03,1.735913299999999881e-02
3.102000000000000000e+03,1.887964099999999909e-02
3.106000000000000000e+03,1.697900599999999788e-02
3.110000000000000000e+03,1.685229699999999872e-02
3.114000000000000000e+03,1.507837100000000013e-02
3.118000000000000000e+03,1.495166199999999924e-02
3.122000000000000000e+03,1.393798999999999906e-02
3.126000000000000000e+03,1.317773599999999892e-02
3.130000000000000000e+03,1.254419099999999967e-02
3.134000000000000000e+03,1.381128099999999990e-02
3.138000000000000000e+03,1.229077299999999963e-02
3.142000000000000000e+03,1.229077299999999963e-02
3.146000000000000000e+03,1.153051899999999949e-02
3.150000000000000000e+03,1.305102699999999977e-02
3.154000000000000000e+03,1.102368299999999940e-02
3.158000000000000000e+03,1.267089999999999883e-02
3.162000000000000000e+03,1.064355600000000020e-02
3.166000000000000000e+03,1.203735499999999958e-02
3.170000000000000000e+03,1.039013800000000015e-02
3.174000000000000000e+03,1.254419099999999967e-02
3.178000000000000000e+03,1.089697400000000024e-02
3.182000000000000000e+03,1.229077299999999963e-02
3.186000000000000000e+03,1.013672000000000011e-02
3.190000000000000000e+03,1.229077299999999963e-02
3.194000000000000000e+03,9.883302000000000059e-03
3.198000000000000000e+03,1.115039200000000029e-02
3.202000000000000000e+03,9.249756999999999077e-03
3.206000000000000000e+03,8.869629999999999875e-03
3.210000000000000000e+03,8.616211999999999829e-03
3.214000000000000000e+03,8.236084999999998893e-03
3.218000000000000000e+03,5.575196000000000145e-03
3.222000000000000000e+03,7.475830999999999622e-03
3.226000000000000000e+03,7.222412999999999576e-03
3.230000000000000000e+03,5.701905000000000168e-03
3.234000000000000000e+03,3.927978999999999846e-03
3.238000000000000000e+03,4.308105999999999915e-03
3.242000000000000000e+03,4.941651000000000030e-03
3.246000000000000000e+03,5.195069000000000076e-03
3.250000000000000000e+03,3.294433999999999731e-03
3.254000000000000000e+03,4.688232999999999984e-03
3.258000000000000000e+03,2.407471000000000003e-03
3.262000000000000000e+03,2.407471000000000003e-03
3.266000000000000000e+03,2.534180000000000026e-03
3.270000000000000000e+03,2.787598000000000072e-03
3.274000000000000000e+03,1.900634999999999911e-03
3.278000000000000000e+03,3.294433999999999731e-03
3.282000000000000000e+03,2.407471000000000003e-03
3.286000000000000000e+03,2.027343999999999934e-03
3.290000000000000000e+03,0.000000000000000000e+00
3.294000000000000000e+03,2.660889000000000049e-03
3.298000000000000000e+03,3.041015999999999685e-03
3.302000000000000000e+03,1.647216999999999865e-03
3.306000000000000000e+03,3.167724999999999708e-03
3.310000000000000000e+03,2.787598000000000072e-03
3.314000000000000000e+03,3.674560999999999800e-03
3.318000000000000000e+03,3.294433999999999731e-03
3.322000000000000000e+03,3.421142999999999754e-03
3.326000000000000000e+03,2.407471000000000003e-03
3.330000000000000000e+03,2.407471000000000003e-03
3.334000000000000000e+03,2.027343999999999934e-03
3.338000000000000000e+03,3.674560999999999800e-03
3.342000000000000000e+03,1.393799000000000036e-03
3.346000000000000000e+03,3.547851999999999777e-03
3.350000000000000000e+03,2.027343999999999934e-03
3.354000000000000000e+03,4.434814999999999938e-03
3.358000000000000000e+03,3.674560999999999800e-03
3.362000000000000000e+03,4.054687999999999869e-03
3.366000000000000000e+03,1.393799000000000036e-03
3.370000000000000000e+03,3.801269999999999823e-03
3.374000000000000000e+03,3.547851999999999777e-03
3.378000000000000000e+03,4.941651000000000030e-03
3.382000000000000000e+03,2.660889000000000049e-03
3.386000000000000000e+03,4.688232999999999984e-03
3.390000000000000000e+03,2.534180000000000026e-03
3.394000000000000000e+03,4.434814999999999938e-03
3.398000000000000000e+03,2.534180000000000026e-03
3.402000000000000000e+03,4.814942000000000007e-03
3.406000000000000000e+03,3.801269999999999823e-03
3.410000000000000000e+03,5.575196000000000145e-03
3.414000000000000000e+03,4.054687999999999869e-03
3.418000000000000000e+03,5.195069000000000076e-03
3.422000000000000000e+03,4.941651000000000030e-03
3.426000000000000000e+03,6.842285999999999507e-03
3.430000000000000000e+03,6.462158999999999438e-03
3.434000000000000000e+03,4.181396999999999892e-03
3.438000000000000000e+03,7.222412999999999576e-03
3.442000000000000000e+03,9.249756999999999077e-03
3.446000000000000000e+03,6.462158999999999438e-03
3.450000000000000000e+03,4.561523999999999961e-03
3.454000000000000000e+03,6.335449999999999415e-03
3.458000000000000000e+03,8.362793999999999783e-03
3.462000000000000000e+03,1.001001099999999921e-02
3.466000000000000000e+03,5.955323000000000214e-03
3.470000000000000000e+03,7.349121999999999599e-03
3.474000000000000000e+03,8.996338999999999031e-03
3.478000000000000000e+03,9.629884000000000013e-03
3.482000000000000000e+03,8.362793999999999783e-03
3.486000000000000000e+03,8.869629999999999875e-03
3.490000000000000000e+03,7.602539999999999645e-03
3.494000000000000000e+03,8.616211999999999829e-03
3.498000000000000000e+03,9.756592999999999169e-03
3.502000000000000000e+03,5.955323000000000214e-03
3.506000000000000000e+03,3.927978999999999846e-03
3.510000000000000000e+03,8.362793999999999783e-03
3.514000000000000000e+03,4.434814999999999938e-03
3.518000000000000000e+03,3.801269999999999823e-03
3.522000000000000000e+03,3.674560999999999800e-03
3.526000000000000000e+03,4.941651000000000030e-03
3.530000000000000000e+03,3.801269999999999823e-03
3.534000000000000000e+03,5.321778000000000099e-03
3.538000000000000000e+03,3.674560999999999800e-03
3.542000000000000000e+03,6.082031999999999369e-03
3.546000000000000000e+03,2.660889000000000049e-03
3.550000000000000000e+03,7.855957999999999691e-03
3.554000000000000000e+03,3.547851999999999777e-03
3.558000000000000000e+03,6.082031999999999369e-03
3.562000000000000000e+03,3.547851999999999777e-03
3.566000000000000000e+03,7.475830999999999622e-03
3.570000000000000000e+03,3.927978999999999846e-03
3.574000000000000000e+03,6.462158999999999438e-03
3.578000000000000000e+03,5.828614000000000191e-03
3.582000000000000000e+03,7.349121999999999599e-03
3.586000000000000000e+03,5.575196000000000145e-03
3.590000000000000000e+03,8.109375999999999737e-03
3.594000000000000000e+03,6.588867999999999461e-03
3.598000000000000000e+03,7.349121999999999599e-03
3.602000000000000000e+03,6.968994999999999530e-03
3.606000000000000000e+03,1.229077299999999963e-02
3.610000000000000000e+03,9.756592999999999169e-03
3.614000000000000000e+03,1.444482599999999915e-02
3.618000000000000000e+03,1.761255100000000060e-02
3.622000000000000000e+03,2.116040299999999777e-02
3.626000000000000000e+03,2.420141899999999832e-02
3.630000000000000000e+03,3.028345099999999943e-02
3.634000000000000000e+03,3.585864700000000044e-02
3.638000000000000000e+03,4.308105999999999741e-02
3.642000000000000000e+03,5.663892300000000074e-02
3.646000000000000000e+03,7.513843700000000236e-02
3.650000000000000000e+03,9.414478699999999367e-02
3.654000000000000000e+03,1.163188619999999951e-01
3.658000000000000000e+03,1.359587569999999856e-01
3.662000000000000000e+03,1.580061229999999983e-01
3.666000000000000000e+03,1.749851289999999893e-01
3.670000000000000000e+03,1.795466530000000005e-01
3.674000000000000000e+03,1.753652559999999971e-01
3.678000000000000000e+03,1.616806839999999912e-01
3.682000000000000000e+03,1.468557309999999894e-01
3.686000000000000000e+03,1.282295079999999921e-01
3.690000000000000000e+03,1.027609989999999918e-01
3.694000000000000000e+03,7.437818300000000049e-02
3.698000000000000000e+03,5.347119799999999756e-02
3.702000000000000000e+03,3.636548299999999706e-02
3.706000000000000000e+03,2.762256199999999981e-02
3.710000000000000000e+03,2.078027600000000030e-02
3.714000000000000000e+03,1.989331299999999927e-02
3.718000000000000000e+03,1.710571500000000050e-02
3.722000000000000000e+03,1.723242399999999966e-02
3.726000000000000000e+03,1.241748199999999878e-02
3.730000000000000000e+03,1.444482599999999915e-02
3.734000000000000000e+03,9.883302000000000059e-03
3.738000000000000000e+03,1.127710099999999944e-02
3.742000000000000000e+03,1.115039200000000029e-02
3.746000000000000000e+03,1.381128099999999990e-02
3.750000000000000000e+03,1.127710099999999944e-02
3.754000000000000000e+03,1.089697400000000024e-02
3.758000000000000000e+03,8.616211999999999829e-03
3.762000000000000000e+03,1.406469899999999995e-02
3.766000000000000000e+03,6.588867999999999461e-03
3.770000000000000000e+03,1.165722800000000038e-02
3.774000000000000000e+03,7.982667000000000582e-03
3.778000000000000000e+03,1.444482599999999915e-02
3.782000000000000000e+03,1.039013800000000015e-02
3.786000000000000000e+03,1.001001099999999921e-02
3.790000000000000000e+03,8.236084999999998893e-03
3.794000000000000000e+03,1.203735499999999958e-02
3.798000000000000000e+03,1.102368299999999940e-02
3.802000000000000000e+03,1.178393699999999954e-02
3.806000000000000000e+03,8.362793999999999783e-03
3.810000000000000000e+03,1.279760899999999972e-02
3.814000000000000000e+03,1.279760899999999972e-02
3.818000000000000000e+03,1.609204300000000032e-02
3.822000000000000000e+03,1.241748199999999878e-02
3.826000000000000000e+03,1.545849799999999934e-02
3.830000000000000000e+03,1.431811700000000000e-02
3.834000000000000000e+03,1.849951399999999815e-02
3.838000000000000000e+03,1.697900599999999788e-02
3.842000000000000000e+03,1.849951399999999815e-02
3.846000000000000000e+03,1.520507999999999929e-02
3.850000000000000000e+03,1.913305900000000087e-02
3.854000000000000000e+03,1.469824399999999920e-02
3.858000000000000000e+03,1.545849799999999934e-02
3.862000000000000000e+03,1.887964099999999909e-02
3.866000000000000000e+03,1.507837100000000013e-02
3.870000000000000000e+03,1.634546099999999863e-02
3.874000000000000000e+03,1.368457199999999901e-02
3.878000000000000000e+03,1.773925999999999975e-02
3.882000000000000000e+03,1.685229699999999872e-02
3.886000000000000000e+03,1.431811700000000000e-02
3.890000000000000000e+03,1.355786299999999986e-02
3.894000000000000000e+03,1.659887900000000041e-02
3.898000000000000000e+03,1.330444499999999981e-02
3.902000000000000000e+03,1.203735499999999958e-02
3.906000000000000000e+03,9.123047999999999921e-03
3.910000000000000000e+03,1.406469899999999995e-02
3.914000000000000000e+03,1.355786299999999986e-02
3.918000000000000000e+03,1.267089999999999883e-02
3.922000000000000000e+03,7.855957999999999691e-03
3.926000000000000000e+03,1.609204300000000032e-02
3.930000000000000000e+03,1.102368299999999940e-02
3.934000000000000000e+03,6.842285999999999507e-03
3.938000000000000000e+03,1.077026499999999935e-02
3.942000000000000000e+03,1.634546099999999863e-02
3.946000000000000000e+03,1.013672000000000011e-02
3.950000000000000000e+03,6.842285999999999507e-03
3.954000000000000000e+03,1.089697400000000024e-02
3.958000000000000000e+03,1.381128099999999990e-02
3.962000000000000000e+03,1.026342899999999926e-02
3.966000000000000000e+03,1.507837100000000013e-02
