4.500000000000000000e+02,2.763959999999999768e-03
4.540000000000000000e+02,3.923040000000000034e-03
4.580000000000000000e+02,4.279679999999999249e-03
4.620000000000000000e+02,3.298919999999999891e-03
4.660000000000000000e+02,3.209759999999999870e-03
4.700000000000000000e+02,2.853119999999999788e-03
4.740000000000000000e+02,2.853119999999999788e-03
4.780000000000000000e+02,2.853119999999999788e-03
4.820000000000000000e+02,2.585639999999999727e-03
4.860000000000000000e+02,2.496479999999999706e-03
4.900000000000000000e+02,2.763959999999999768e-03
4.940000000000000000e+02,2.674799999999999747e-03
4.980000000000000000e+02,3.744719999999999559e-03
5.020000000000000000e+02,2.407319999999999686e-03
5.060000000000000000e+02,1.337399999999999874e-03
5.100000000000000000e+02,1.783199999999999976e-03
5.140000000000000000e+02,2.496479999999999706e-03
5.180000000000000000e+02,2.318159999999999665e-03
5.220000000000000000e+02,2.674799999999999747e-03
5.260000000000000000e+02,3.477239999999999932e-03
5.300000000000000000e+02,3.209759999999999870e-03
5.340000000000000000e+02,2.942279999999999809e-03
5.380000000000000000e+02,1.604879999999999935e-03
5.420000000000000000e+02,2.763959999999999768e-03
5.460000000000000000e+02,3.566399999999999952e-03
5.500000000000000000e+02,2.853119999999999788e-03
5.540000000000000000e+02,2.674799999999999747e-03
5.580000000000000000e+02,8.024399999999999675e-04
5.620000000000000000e+02,2.050680000000000038e-03
5.660000000000000000e+02,4.903799999999999826e-03
5.700000000000000000e+02,8.915999999999999880e-04
5.740000000000000000e+02,5.349599999999999061e-04
5.780000000000000000e+02,4.101360000000000075e-03
5.820000000000000000e+02,2.763959999999999768e-03
5.860000000000000000e+02,4.547159999999999744e-03
5.900000000000000000e+02,3.477239999999999932e-03
5.940000000000000000e+02,2.763959999999999768e-03
5.980000000000000000e+02,2.763959999999999768e-03
6.020000000000000000e+02,3.209759999999999870e-03
6.060000000000000000e+02,3.209759999999999870e-03
6.100000000000000000e+02,3.209759999999999870e-03
6.140000000000000000e+02,3.833879999999999580e-03
6.180000000000000000e+02,3.209759999999999870e-03
6.220000000000000000e+02,3.209759999999999870e-03
6.260000000000000000e+02,4.279679999999999249e-03
6.300000000000000000e+02,3.833879999999999580e-03
6.340000000000000000e+02,4.190519999999999662e-03
6.380000000000000000e+02,4.992959999999999413e-03
6.420000000000000000e+02,5.349599999999999494e-03
6.460000000000000000e+02,7.043639999999999450e-03
6.500000000000000000e+02,8.470199999999998910e-03
6.540000000000000000e+02,9.807599999999999651e-03
6.580000000000000000e+02,1.096667999999999948e-02
6.620000000000000000e+02,1.328483999999999915e-02
6.660000000000000000e+02,1.694039999999999782e-02
6.700000000000000000e+02,2.015015999999999682e-02
6.740000000000000000e+02,2.220083999999999946e-02
6.780000000000000000e+02,2.434067999999999649e-02
6.820000000000000000e+02,2.585639999999999813e-02
6.860000000000000000e+02,3.093851999999999713e-02
6.900000000000000000e+02,3.450491999999999448e-02
6.940000000000000000e+02,3.807131999999999877e-02
6.980000000000000000e+02,4.101359999999999728e-02
7.020000000000000000e+02,4.591739999999999711e-02
7.060000000000000000e+02,5.064287999999999429e-02
7.100000000000000000e+02,5.866727999999999527e-02
7.140000000000000000e+02,7.471607999999999028e-02
7.180000000000000000e+02,1.076161199999999957e-01
7.220000000000000000e+02,1.571890799999999810e-01
7.260000000000000000e+02,2.046221999999999763e-01
7.300000000000000000e+02,2.663209199999999610e-01
7.340000000000000000e+02,3.758985599999999927e-01
7.380000000000000000e+02,5.771326799999999535e-01
7.420000000000000000e+02,8.118909599999999394e-01
7.460000000000000000e+02,8.915999999999999481e-01
7.500000000000000000e+02,7.862128799999998918e-01
7.540000000000000000e+02,6.207319199999999926e-01
7.580000000000000000e+02,5.720505599999999857e-01
7.620000000000000000e+02,4.997417999999999583e-01
7.660000000000000000e+02,4.359032399999999696e-01
7.700000000000000000e+02,3.055513199999999596e-01
7.740000000000000000e+02,1.595072399999999946e-01
7.780000000000000000e+02,5.813231999999999428e-02
7.820000000000000000e+02,1.185827999999999882e-02
7.860000000000000000e+02,4.457999999999999940e-04
7.900000000000000000e+02,8.915999999999999880e-04
7.940000000000000000e+02,3.298919999999999891e-03
7.980000000000000000e+02,4.547159999999999744e-03
8.020000000000000000e+02,4.457999999999999290e-03
8.060000000000000000e+02,4.725479999999999785e-03
8.100000000000000000e+02,5.527919999999999535e-03
8.140000000000000000e+02,4.547159999999999744e-03
8.180000000000000000e+02,4.992959999999999413e-03
8.220000000000000000e+02,4.457999999999999290e-03
8.260000000000000000e+02,5.973719999999999204e-03
8.300000000000000000e+02,4.457999999999999290e-03
8.340000000000000000e+02,3.923040000000000034e-03
8.380000000000000000e+02,3.031439999999999829e-03
8.420000000000000000e+02,4.012199999999999621e-03
8.460000000000000000e+02,4.012199999999999621e-03
8.500000000000000000e+02,4.279679999999999249e-03
8.540000000000000000e+02,4.992959999999999413e-03
8.580000000000000000e+02,4.725479999999999785e-03
8.620000000000000000e+02,4.814639999999999372e-03
8.660000000000000000e+02,6.062879999999999658e-03
8.700000000000000000e+02,5.438759999999999949e-03
8.740000000000000000e+02,5.973719999999999204e-03
8.780000000000000000e+02,5.884559999999999617e-03
8.820000000000000000e+02,6.419519999999999740e-03
8.860000000000000000e+02,5.973719999999999204e-03
8.900000000000000000e+02,6.419519999999999740e-03
8.940000000000000000e+02,8.559359999999998497e-03
8.980000000000000000e+02,9.094319999999999488e-03
9.020000000000000000e+02,6.241199999999999699e-03
9.060000000000000000e+02,6.330359999999999286e-03
9.100000000000000000e+02,6.954479999999999863e-03
9.140000000000000000e+02,7.132799999999999904e-03
9.180000000000000000e+02,7.311119999999999078e-03
9.220000000000000000e+02,7.400279999999999532e-03
9.260000000000000000e+02,6.419519999999999740e-03
9.300000000000000000e+02,6.419519999999999740e-03
9.340000000000000000e+02,5.973719999999999204e-03
9.380000000000000000e+02,4.814639999999999372e-03
9.420000000000000000e+02,4.814639999999999372e-03
9.460000000000000000e+02,4.457999999999999290e-03
9.500000000000000000e+02,4.457999999999999290e-03
9.540000000000000000e+02,4.457999999999999290e-03
9.580000000000000000e+02,3.298919999999999891e-03
9.620000000000000000e+02,3.923040000000000034e-03
9.660000000000000000e+02,3.388079999999999911e-03
9.700000000000000000e+02,3.388079999999999911e-03
9.740000000000000000e+02,3.388079999999999911e-03
9.780000000000000000e+02,3.031439999999999829e-03
9.820000000000000000e+02,3.655559999999999539e-03
9.860000000000000000e+02,3.923040000000000034e-03
9.900000000000000000e+02,3.923040000000000034e-03
9.940000000000000000e+02,3.833879999999999580e-03
9.980000000000000000e+02,3.923040000000000034e-03
1.002000000000000000e+03,3.923040000000000034e-03
1.006000000000000000e+03,3.388079999999999911e-03
1.010000000000000000e+03,3.833879999999999580e-03
1.014000000000000000e+03,3.566399999999999952e-03
1.018000000000000000e+03,3.566399999999999952e-03
1.022000000000000000e+03,3.655559999999999539e-03
1.026000000000000000e+03,3.298919999999999891e-03
1.030000000000000000e+03,4.012199999999999621e-03
1.034000000000000000e+03,3.298919999999999891e-03
1.038000000000000000e+03,3.923040000000000034e-03
1.042000000000000000e+03,3.923040000000000034e-03
1.046000000000000000e+03,3.833879999999999580e-03
1.050000000000000000e+03,3.298919999999999891e-03
1.054000000000000000e+03,3.744719999999999559e-03
1.058000000000000000e+03,3.833879999999999580e-03
1.062000000000000000e+03,3.833879999999999580e-03
1.066000000000000000e+03,3.744719999999999559e-03
1.070000000000000000e+03,4.368839999999999703e-03
1.074000000000000000e+03,4.368839999999999703e-03
1.078000000000000000e+03,4.903799999999999826e-03
1.082000000000000000e+03,6.152039999999999245e-03
1.086000000000000000e+03,6.686999999999999368e-03
1.090000000000000000e+03,5.795399999999999163e-03
1.094000000000000000e+03,5.260439999999999908e-03
1.098000000000000000e+03,5.260439999999999908e-03
1.102000000000000000e+03,4.190519999999999662e-03
1.106000000000000000e+03,3.298919999999999891e-03
1.110000000000000000e+03,2.853119999999999788e-03
1.114000000000000000e+03,3.388079999999999911e-03
1.118000000000000000e+03,2.763959999999999768e-03
1.122000000000000000e+03,2.763959999999999768e-03
1.126000000000000000e+03,2.763959999999999768e-03
1.130000000000000000e+03,3.120599999999999850e-03
1.134000000000000000e+03,2.853119999999999788e-03
1.138000000000000000e+03,2.674799999999999747e-03
1.142000000000000000e+03,2.763959999999999768e-03
1.146000000000000000e+03,2.763959999999999768e-03
1.150000000000000000e+03,2.763959999999999768e-03
1.154000000000000000e+03,2.763959999999999768e-03
1.158000000000000000e+03,2.407319999999999686e-03
1.162000000000000000e+03,2.763959999999999768e-03
1.166000000000000000e+03,2.853119999999999788e-03
1.170000000000000000e+03,2.853119999999999788e-03
1.174000000000000000e+03,2.853119999999999788e-03
1.178000000000000000e+03,2.763959999999999768e-03
1.182000000000000000e+03,2.763959999999999768e-03
1.186000000000000000e+03,2.496479999999999706e-03
1.190000000000000000e+03,2.942279999999999809e-03
1.194000000000000000e+03,2.674799999999999747e-03
1.198000000000000000e+03,2.853119999999999788e-03
1.202000000000000000e+03,2.763959999999999768e-03
1.206000000000000000e+03,2.763959999999999768e-03
1.210000000000000000e+03,2.674799999999999747e-03
1.214000000000000000e+03,2.763959999999999768e-03
1.218000000000000000e+03,2.763959999999999768e-03
1.222000000000000000e+03,2.674799999999999747e-03
1.226000000000000000e+03,3.031439999999999829e-03
1.230000000000000000e+03,3.566399999999999952e-03
1.234000000000000000e+03,5.973719999999999204e-03
1.238000000000000000e+03,1.167995999999999965e-02
1.242000000000000000e+03,2.523227999999999929e-02
1.246000000000000000e+03,5.224775999999999726e-02
1.250000000000000000e+03,9.575783999999999685e-02
1.254000000000000000e+03,1.500562799999999863e-01
1.258000000000000000e+03,1.917831599999999803e-01
1.262000000000000000e+03,1.853636399999999962e-01
1.266000000000000000e+03,1.601313600000000004e-01
1.270000000000000000e+03,1.199201999999999907e-01
1.274000000000000000e+03,1.785874799999999929e-01
1.278000000000000000e+03,2.123791199999999768e-01
1.282000000000000000e+03,1.530877199999999827e-01
1.286000000000000000e+03,7.819331999999999672e-02
1.290000000000000000e+03,2.906615999999999714e-02
1.294000000000000000e+03,8.291879999999999737e-03
1.298000000000000000e+03,2.496479999999999706e-03
1.302000000000000000e+03,2.318159999999999665e-03
1.306000000000000000e+03,2.318159999999999665e-03
1.310000000000000000e+03,2.318159999999999665e-03
1.314000000000000000e+03,2.407319999999999686e-03
1.318000000000000000e+03,2.674799999999999747e-03
1.322000000000000000e+03,2.942279999999999809e-03
1.326000000000000000e+03,2.853119999999999788e-03
1.330000000000000000e+03,2.853119999999999788e-03
1.334000000000000000e+03,2.228999999999999645e-03
1.338000000000000000e+03,2.853119999999999788e-03
1.342000000000000000e+03,2.674799999999999747e-03
1.346000000000000000e+03,2.318159999999999665e-03
1.350000000000000000e+03,2.228999999999999645e-03
1.354000000000000000e+03,2.496479999999999706e-03
1.358000000000000000e+03,2.407319999999999686e-03
1.362000000000000000e+03,2.674799999999999747e-03
1.366000000000000000e+03,2.585639999999999727e-03
1.370000000000000000e+03,2.407319999999999686e-03
1.374000000000000000e+03,2.674799999999999747e-03
1.378000000000000000e+03,3.120599999999999850e-03
1.382000000000000000e+03,2.942279999999999809e-03
1.386000000000000000e+03,3.477239999999999932e-03
1.390000000000000000e+03,3.209759999999999870e-03
1.394000000000000000e+03,3.120599999999999850e-03
1.398000000000000000e+03,3.477239999999999932e-03
1.402000000000000000e+03,3.298919999999999891e-03
1.406000000000000000e+03,2.853119999999999788e-03
1.410000000000000000e+03,3.655559999999999539e-03
1.414000000000000000e+03,3.566399999999999952e-03
1.418000000000000000e+03,4.368839999999999703e-03
1.422000000000000000e+03,4.012199999999999621e-03
1.426000000000000000e+03,4.636319999999999331e-03
1.430000000000000000e+03,4.814639999999999372e-03
1.434000000000000000e+03,6.330359999999999286e-03
1.438000000000000000e+03,6.330359999999999286e-03
1.442000000000000000e+03,7.935239999999999655e-03
1.446000000000000000e+03,9.005159999999999901e-03
1.450000000000000000e+03,9.629279999999998743e-03
1.454000000000000000e+03,1.025339999999999932e-02
1.458000000000000000e+03,9.094319999999999488e-03
1.462000000000000000e+03,9.985919999999998825e-03
1.466000000000000000e+03,8.648519999999999819e-03
1.470000000000000000e+03,8.559359999999998497e-03
1.474000000000000000e+03,7.221959999999999491e-03
1.478000000000000000e+03,6.419519999999999740e-03
1.482000000000000000e+03,4.190519999999999662e-03
1.486000000000000000e+03,3.298919999999999891e-03
1.490000000000000000e+03,2.674799999999999747e-03
1.494000000000000000e+03,2.674799999999999747e-03
1.498000000000000000e+03,2.763959999999999768e-03
1.502000000000000000e+03,2.853119999999999788e-03
1.506000000000000000e+03,2.139839999999999624e-03
1.510000000000000000e+03,2.050680000000000038e-03
1.514000000000000000e+03,2.674799999999999747e-03
1.518000000000000000e+03,2.496479999999999706e-03
1.522000000000000000e+03,2.407319999999999686e-03
1.526000000000000000e+03,2.050680000000000038e-03
1.530000000000000000e+03,2.585639999999999727e-03
1.534000000000000000e+03,1.961520000000000017e-03
1.538000000000000000e+03,3.209759999999999870e-03
1.542000000000000000e+03,2.050680000000000038e-03
1.546000000000000000e+03,3.031439999999999829e-03
1.550000000000000000e+03,2.763959999999999768e-03
1.554000000000000000e+03,2.853119999999999788e-03
1.558000000000000000e+03,2.674799999999999747e-03
1.562000000000000000e+03,2.318159999999999665e-03
1.566000000000000000e+03,2.496479999999999706e-03
1.570000000000000000e+03,2.318159999999999665e-03
1.574000000000000000e+03,2.763959999999999768e-03
1.578000000000000000e+03,1.872359999999999780e-03
1.582000000000000000e+03,2.496479999999999706e-03
1.586000000000000000e+03,2.050680000000000038e-03
1.590000000000000000e+03,2.853119999999999788e-03
1.594000000000000000e+03,2.139839999999999624e-03
1.598000000000000000e+03,2.407319999999999686e-03
1.602000000000000000e+03,2.139839999999999624e-03
1.606000000000000000e+03,2.318159999999999665e-03
1.610000000000000000e+03,2.407319999999999686e-03
1.614000000000000000e+03,2.318159999999999665e-03
1.618000000000000000e+03,2.228999999999999645e-03
1.622000000000000000e+03,2.496479999999999706e-03
1.626000000000000000e+03,2.674799999999999747e-03
1.630000000000000000e+03,2.139839999999999624e-03
1.634000000000000000e+03,2.496479999999999706e-03
1.638000000000000000e+03,1.694039999999999956e-03
1.642000000000000000e+03,2.407319999999999686e-03
1.646000000000000000e+03,1.604879999999999935e-03
1.650000000000000000e+03,2.496479999999999706e-03
1.654000000000000000e+03,0.000000000000000000e+00
1.658000000000000000e+03,2.318159999999999665e-03
1.662000000000000000e+03,2.050680000000000038e-03
1.666000000000000000e+03,2.318159999999999665e-03
1.670000000000000000e+03,1.248239999999999853e-03
1.674000000000000000e+03,2.139839999999999624e-03
1.678000000000000000e+03,1.337399999999999874e-03
1.682000000000000000e+03,1.872359999999999780e-03
1.686000000000000000e+03,9.807600000000000085e-04
1.690000000000000000e+03,2.139839999999999624e-03
1.694000000000000000e+03,1.961520000000000017e-03
1.698000000000000000e+03,1.783199999999999976e-03
1.702000000000000000e+03,1.426559999999999894e-03
1.706000000000000000e+03,1.337399999999999874e-03
1.710000000000000000e+03,1.872359999999999780e-03
1.714000000000000000e+03,2.139839999999999624e-03
1.718000000000000000e+03,1.694039999999999956e-03
1.722000000000000000e+03,2.585639999999999727e-03
1.726000000000000000e+03,2.139839999999999624e-03
1.730000000000000000e+03,2.228999999999999645e-03
1.734000000000000000e+03,1.783199999999999976e-03
1.738000000000000000e+03,2.496479999999999706e-03
1.742000000000000000e+03,2.228999999999999645e-03
1.746000000000000000e+03,2.674799999999999747e-03
1.750000000000000000e+03,1.783199999999999976e-03
1.754000000000000000e+03,2.318159999999999665e-03
1.758000000000000000e+03,1.872359999999999780e-03
1.762000000000000000e+03,1.783199999999999976e-03
1.766000000000000000e+03,2.050680000000000038e-03
1.770000000000000000e+03,1.961520000000000017e-03
1.774000000000000000e+03,1.694039999999999956e-03
1.778000000000000000e+03,2.139839999999999624e-03
1.782000000000000000e+03,2.139839999999999624e-03
1.786000000000000000e+03,2.050680000000000038e-03
1.790000000000000000e+03,1.872359999999999780e-03
1.794000000000000000e+03,2.228999999999999645e-03
1.798000000000000000e+03,2.139839999999999624e-03
1.802000000000000000e+03,2.318159999999999665e-03
1.806000000000000000e+03,1.872359999999999780e-03
1.810000000000000000e+03,1.872359999999999780e-03
1.814000000000000000e+03,1.961520000000000017e-03
1.818000000000000000e+03,1.783199999999999976e-03
1.822000000000000000e+03,1.872359999999999780e-03
1.826000000000000000e+03,1.604879999999999935e-03
1.830000000000000000e+03,1.783199999999999976e-03
1.834000000000000000e+03,1.872359999999999780e-03
1.838000000000000000e+03,1.694039999999999956e-03
1.842000000000000000e+03,2.050680000000000038e-03
1.846000000000000000e+03,1.515719999999999915e-03
1.850000000000000000e+03,1.783199999999999976e-03
1.854000000000000000e+03,1.515719999999999915e-03
1.858000000000000000e+03,1.604879999999999935e-03
1.862000000000000000e+03,1.515719999999999915e-03
1.866000000000000000e+03,1.783199999999999976e-03
1.870000000000000000e+03,1.604879999999999935e-03
1.874000000000000000e+03,1.515719999999999915e-03
1.878000000000000000e+03,1.515719999999999915e-03
1.882000000000000000e+03,1.426559999999999894e-03
1.886000000000000000e+03,1.515719999999999915e-03
1.890000000000000000e+03,1.694039999999999956e-03
1.894000000000000000e+03,1.515719999999999915e-03
1.898000000000000000e+03,1.515719999999999915e-03
1.902000000000000000e+03,1.426559999999999894e-03
1.906000000000000000e+03,1.426559999999999894e-03
1.910000000000000000e+03,1.515719999999999915e-03
1.914000000000000000e+03,1.515719999999999915e-03
1.918000000000000000e+03,1.515719999999999915e-03
1.922000000000000000e+03,1.694039999999999956e-03
1.926000000000000000e+03,1.337399999999999874e-03
1.930000000000000000e+03,1.248239999999999853e-03
1.934000000000000000e+03,1.248239999999999853e-03
1.938000000000000000e+03,1.248239999999999853e-03
1.942000000000000000e+03,1.515719999999999915e-03
1.946000000000000000e+03,1.337399999999999874e-03
1.950000000000000000e+03,1.337399999999999874e-03
1.954000000000000000e+03,1.159079999999999833e-03
1.958000000000000000e+03,1.337399999999999874e-03
1.962000000000000000e+03,1.248239999999999853e-03
1.966000000000000000e+03,1.337399999999999874e-03
1.970000000000000000e+03,1.248239999999999853e-03
1.974000000000000000e+03,1.159079999999999833e-03
1.978000000000000000e+03,1.159079999999999833e-03
1.982000000000000000e+03,1.159079999999999833e-03
1.986000000000000000e+03,1.248239999999999853e-03
1.990000000000000000e+03,1.248239999999999853e-03
1.994000000000000000e+03,1.248239999999999853e-03
1.998000000000000000e+03,1.069919999999999812e-03
2.002000000000000000e+03,1.069919999999999812e-03
2.006000000000000000e+03,9.807600000000000085e-04
2.010000000000000000e+03,9.807600000000000085e-04
2.014000000000000000e+03,1.069919999999999812e-03
2.018000000000000000e+03,1.069919999999999812e-03
2.022000000000000000e+03,1.069919999999999812e-03
2.026000000000000000e+03,8.915999999999999880e-04
2.030000000000000000e+03,9.807600000000000085e-04
2.034000000000000000e+03,9.807600000000000085e-04
2.038000000000000000e+03,8.915999999999999880e-04
2.042000000000000000e+03,1.069919999999999812e-03
2.046000000000000000e+03,9.807600000000000085e-04
2.050000000000000000e+03,1.248239999999999853e-03
2.054000000000000000e+03,9.807600000000000085e-04
2.058000000000000000e+03,8.024399999999999675e-04
2.062000000000000000e+03,9.807600000000000085e-04
2.066000000000000000e+03,8.915999999999999880e-04
2.070000000000000000e+03,8.915999999999999880e-04
2.074000000000000000e+03,8.915999999999999880e-04
2.078000000000000000e+03,8.915999999999999880e-04
2.082000000000000000e+03,8.024399999999999675e-04
2.086000000000000000e+03,8.024399999999999675e-04
2.090000000000000000e+03,8.024399999999999675e-04
2.094000000000000000e+03,8.024399999999999675e-04
2.098000000000000000e+03,8.024399999999999675e-04
2.102000000000000000e+03,9.807600000000000085e-04
2.106000000000000000e+03,9.807600000000000085e-04
2.110000000000000000e+03,1.248239999999999853e-03
2.114000000000000000e+03,1.248239999999999853e-03
2.118000000000000000e+03,7.132799999999999471e-04
2.122000000000000000e+03,8.024399999999999675e-04
2.126000000000000000e+03,7.132799999999999471e-04
2.130000000000000000e+03,6.241199999999999266e-04
2.134000000000000000e+03,6.241199999999999266e-04
2.138000000000000000e+03,6.241199999999999266e-04
2.142000000000000000e+03,6.241199999999999266e-04
2.146000000000000000e+03,7.132799999999999471e-04
2.150000000000000000e+03,7.132799999999999471e-04
2.154000000000000000e+03,8.024399999999999675e-04
2.158000000000000000e+03,1.069919999999999812e-03
2.162000000000000000e+03,1.069919999999999812e-03
2.166000000000000000e+03,8.024399999999999675e-04
2.170000000000000000e+03,6.241199999999999266e-04
2.174000000000000000e+03,6.241199999999999266e-04
2.178000000000000000e+03,6.241199999999999266e-04
2.182000000000000000e+03,6.241199999999999266e-04
2.186000000000000000e+03,9.807600000000000085e-04
2.190000000000000000e+03,5.349599999999999061e-04
2.194000000000000000e+03,5.349599999999999061e-04
2.198000000000000000e+03,7.132799999999999471e-04
2.202000000000000000e+03,5.349599999999999061e-04
2.206000000000000000e+03,8.024399999999999675e-04
2.210000000000000000e+03,8.024399999999999675e-04
2.214000000000000000e+03,7.132799999999999471e-04
2.218000000000000000e+03,1.069919999999999812e-03
2.222000000000000000e+03,3.566399999999999735e-04
2.226000000000000000e+03,9.807600000000000085e-04
2.230000000000000000e+03,8.915999999999999880e-04
2.234000000000000000e+03,4.457999999999999940e-04
2.238000000000000000e+03,4.457999999999999940e-04
2.242000000000000000e+03,3.566399999999999735e-04
2.246000000000000000e+03,3.566399999999999735e-04
2.250000000000000000e+03,9.807600000000000085e-04
2.254000000000000000e+03,3.566399999999999735e-04
2.258000000000000000e+03,4.457999999999999940e-04
2.262000000000000000e+03,5.349599999999999061e-04
2.266000000000000000e+03,8.024399999999999675e-04
2.270000000000000000e+03,9.807600000000000085e-04
2.274000000000000000e+03,1.159079999999999833e-03
2.278000000000000000e+03,1.337399999999999874e-03
2.282000000000000000e+03,1.337399999999999874e-03
2.286000000000000000e+03,1.426559999999999894e-03
2.290000000000000000e+03,2.050680000000000038e-03
2.294000000000000000e+03,2.050680000000000038e-03
2.298000000000000000e+03,2.139839999999999624e-03
2.302000000000000000e+03,2.674799999999999747e-03
2.306000000000000000e+03,2.318159999999999665e-03
2.310000000000000000e+03,2.496479999999999706e-03
2.314000000000000000e+03,2.585639999999999727e-03
2.318000000000000000e+03,3.209759999999999870e-03
2.322000000000000000e+03,2.496479999999999706e-03
2.326000000000000000e+03,1.783199999999999976e-03
2.330000000000000000e+03,1.872359999999999780e-03
2.334000000000000000e+03,1.694039999999999956e-03
2.338000000000000000e+03,1.694039999999999956e-03
2.342000000000000000e+03,1.159079999999999833e-03
2.346000000000000000e+03,1.159079999999999833e-03
2.350000000000000000e+03,9.807600000000000085e-04
2.354000000000000000e+03,7.132799999999999471e-04
2.358000000000000000e+03,6.241199999999999266e-04
2.362000000000000000e+03,1.783199999999999868e-04
2.366000000000000000e+03,1.159079999999999833e-03
2.370000000000000000e+03,1.159079999999999833e-03
2.374000000000000000e+03,8.915999999999999880e-04
2.378000000000000000e+03,1.159079999999999833e-03
2.382000000000000000e+03,9.807600000000000085e-04
2.386000000000000000e+03,7.132799999999999471e-04
2.390000000000000000e+03,6.241199999999999266e-04
2.394000000000000000e+03,4.457999999999999940e-04
2.398000000000000000e+03,4.457999999999999940e-04
2.402000000000000000e+03,3.566399999999999735e-04
2.406000000000000000e+03,0.000000000000000000e+00
2.410000000000000000e+03,4.457999999999999940e-04
2.414000000000000000e+03,4.457999999999999940e-04
2.418000000000000000e+03,3.566399999999999735e-04
2.422000000000000000e+03,5.349599999999999061e-04
2.426000000000000000e+03,5.349599999999999061e-04
2.430000000000000000e+03,4.457999999999999940e-04
2.434000000000000000e+03,8.915999999999999338e-05
2.438000000000000000e+03,1.783199999999999868e-04
2.442000000000000000e+03,6.241199999999999266e-04
2.446000000000000000e+03,0.000000000000000000e+00
2.450000000000000000e+03,0.000000000000000000e+00
2.454000000000000000e+03,8.915999999999999338e-05
2.458000000000000000e+03,8.915999999999999338e-05
2.462000000000000000e+03,0.000000000000000000e+00
2.466000000000000000e+03,0.000000000000000000e+00
2.470000000000000000e+03,0.000000000000000000e+00
2.474000000000000000e+03,0.000000000000000000e+00
2.478000000000000000e+03,0.000000000000000000e+00
2.482000000000000000e+03,0.000000000000000000e+00
2.486000000000000000e+03,0.000000000000000000e+00
2.490000000000000000e+03,0.000000000000000000e+00
2.494000000000000000e+03,0.000000000000000000e+00
2.498000000000000000e+03,1.783199999999999868e-04
2.502000000000000000e+03,5.349599999999999061e-04
2.506000000000000000e+03,5.349599999999999061e-04
2.510000000000000000e+03,5.349599999999999061e-04
2.514000000000000000e+03,8.915999999999999338e-05
2.518000000000000000e+03,5.349599999999999061e-04
2.522000000000000000e+03,6.241199999999999266e-04
2.526000000000000000e+03,6.241199999999999266e-04
2.530000000000000000e+03,4.457999999999999940e-04
2.534000000000000000e+03,8.915999999999999880e-04
2.538000000000000000e+03,1.159079999999999833e-03
2.542000000000000000e+03,5.349599999999999061e-04
2.546000000000000000e+03,6.241199999999999266e-04
2.550000000000000000e+03,9.807600000000000085e-04
2.554000000000000000e+03,5.349599999999999061e-04
2.558000000000000000e+03,6.241199999999999266e-04
2.562000000000000000e+03,7.132799999999999471e-04
2.566000000000000000e+03,8.915999999999999338e-05
2.570000000000000000e+03,1.783199999999999868e-04
2.574000000000000000e+03,1.783199999999999868e-04
2.578000000000000000e+03,8.915999999999999338e-05
2.582000000000000000e+03,8.915999999999999338e-05
2.586000000000000000e+03,8.915999999999999338e-05
2.590000000000000000e+03,8.915999999999999338e-05
2.594000000000000000e+03,3.566399999999999735e-04
2.598000000000000000e+03,4.457999999999999940e-04
2.602000000000000000e+03,5.349599999999999061e-04
2.606000000000000000e+03,6.241199999999999266e-04
2.610000000000000000e+03,6.241199999999999266e-04
2.614000000000000000e+03,6.241199999999999266e-04
2.618000000000000000e+03,6.241199999999999266e-04
2.622000000000000000e+03,6.241199999999999266e-04
2.626000000000000000e+03,6.241199999999999266e-04
2.630000000000000000e+03,6.241199999999999266e-04
2.634000000000000000e+03,6.241199999999999266e-04
2.638000000000000000e+03,6.241199999999999266e-04
2.642000000000000000e+03,1.069919999999999812e-03
2.646000000000000000e+03,6.241199999999999266e-04
2.650000000000000000e+03,1.248239999999999853e-03
2.654000000000000000e+03,8.915999999999999880e-04
2.658000000000000000e+03,7.132799999999999471e-04
2.662000000000000000e+03,8.915999999999999880e-04
2.666000000000000000e+03,8.024399999999999675e-04
2.670000000000000000e+03,7.132799999999999471e-04
2.674000000000000000e+03,7.132799999999999471e-04
2.678000000000000000e+03,1.159079999999999833e-03
2.682000000000000000e+03,1.783199999999999976e-03
2.686000000000000000e+03,2.318159999999999665e-03
2.690000000000000000e+03,2.139839999999999624e-03
2.694000000000000000e+03,2.585639999999999727e-03
2.698000000000000000e+03,2.318159999999999665e-03
2.702000000000000000e+03,1.961520000000000017e-03
2.706000000000000000e+03,2.496479999999999706e-03
2.710000000000000000e+03,2.496479999999999706e-03
2.714000000000000000e+03,1.337399999999999874e-03
2.718000000000000000e+03,8.915999999999999880e-04
2.722000000000000000e+03,8.024399999999999675e-04
2.726000000000000000e+03,2.674799999999999530e-04
2.730000000000000000e+03,2.674799999999999530e-04
2.734000000000000000e+03,2.674799999999999530e-04
2.738000000000000000e+03,8.024399999999999675e-04
2.742000000000000000e+03,3.566399999999999735e-04
2.746000000000000000e+03,2.674799999999999530e-04
2.750000000000000000e+03,7.132799999999999471e-04
2.754000000000000000e+03,8.915999999999999880e-04
2.758000000000000000e+03,8.915999999999999880e-04
2.762000000000000000e+03,8.915999999999999880e-04
2.766000000000000000e+03,8.915999999999999880e-04
2.770000000000000000e+03,8.915999999999999880e-04
2.774000000000000000e+03,8.915999999999999880e-04
2.778000000000000000e+03,8.024399999999999675e-04
2.782000000000000000e+03,8.024399999999999675e-04
2.786000000000000000e+03,8.024399999999999675e-04
2.790000000000000000e+03,8.915999999999999880e-04
2.794000000000000000e+03,9.807600000000000085e-04
2.798000000000000000e+03,9.807600000000000085e-04
2.802000000000000000e+03,9.807600000000000085e-04
2.806000000000000000e+03,8.915999999999999880e-04
2.810000000000000000e+03,8.915999999999999880e-04
2.814000000000000000e+03,8.915999999999999880e-04
2.818000000000000000e+03,8.915999999999999880e-04
2.822000000000000000e+03,1.515719999999999915e-03
2.826000000000000000e+03,1.337399999999999874e-03
2.830000000000000000e+03,8.915999999999999880e-04
2.834000000000000000e+03,1.515719999999999915e-03
2.838000000000000000e+03,1.872359999999999780e-03
2.842000000000000000e+03,1.515719999999999915e-03
2.846000000000000000e+03,1.872359999999999780e-03
2.850000000000000000e+03,1.515719999999999915e-03
2.854000000000000000e+03,1.515719999999999915e-03
2.858000000000000000e+03,1.426559999999999894e-03
2.862000000000000000e+03,1.426559999999999894e-03
2.866000000000000000e+03,1.783199999999999976e-03
2.870000000000000000e+03,1.515719999999999915e-03
2.874000000000000000e+03,1.515719999999999915e-03
2.878000000000000000e+03,1.515719999999999915e-03
2.882000000000000000e+03,1.515719999999999915e-03
2.886000000000000000e+03,9.807600000000000085e-04
2.890000000000000000e+03,1.069919999999999812e-03
2.894000000000000000e+03,1.515719999999999915e-03
2.898000000000000000e+03,1.069919999999999812e-03
2.902000000000000000e+03,9.807600000000000085e-04
2.906000000000000000e+03,9.807600000000000085e-04
2.910000000000000000e+03,1.604879999999999935e-03
2.914000000000000000e+03,1.337399999999999874e-03
2.918000000000000000e+03,1.604879999999999935e-03
2.922000000000000000e+03,1.604879999999999935e-03
2.926000000000000000e+03,1.604879999999999935e-03
2.930000000000000000e+03,1.872359999999999780e-03
2.934000000000000000e+03,2.050680000000000038e-03
2.938000000000000000e+03,3.031439999999999829e-03
2.942000000000000000e+03,3.477239999999999932e-03
2.946000000000000000e+03,4.012199999999999621e-03
2.950000000000000000e+03,4.547159999999999744e-03
2.954000000000000000e+03,5.082119999999999867e-03
2.958000000000000000e+03,7.132799999999999904e-03
2.962000000000000000e+03,8.559359999999998497e-03
2.966000000000000000e+03,1.016423999999999973e-02
2.970000000000000000e+03,1.132331999999999957e-02
2.974000000000000000e+03,1.301735999999999865e-02
2.978000000000000000e+03,1.587047999999999931e-02
2.982000000000000000e+03,1.872359999999999997e-02
2.986000000000000000e+03,2.104175999999999963e-02
2.990000000000000000e+03,2.166587999999999847e-02
2.994000000000000000e+03,1.854527999999999732e-02
2.998000000000000000e+03,1.337399999999999874e-02
3.002000000000000000e+03,1.685123999999999997e-02
3.006000000000000000e+03,2.282495999999999831e-02
3.010000000000000000e+03,2.362739999999999979e-02
3.014000000000000000e+03,2.148755999999999930e-02
3.018000000000000000e+03,1.836695999999999815e-02
3.022000000000000000e+03,1.595963999999999716e-02
3.026000000000000000e+03,1.390895999999999973e-02
3.030000000000000000e+03,1.248239999999999940e-02
3.034000000000000000e+03,1.069919999999999899e-02
3.038000000000000000e+03,9.183479999999999074e-03
3.042000000000000000e+03,7.311119999999999078e-03
3.046000000000000000e+03,5.795399999999999163e-03
3.050000000000000000e+03,4.725479999999999785e-03
3.054000000000000000e+03,3.744719999999999559e-03
3.058000000000000000e+03,3.209759999999999870e-03
3.062000000000000000e+03,2.228999999999999645e-03
3.066000000000000000e+03,1.248239999999999853e-03
3.070000000000000000e+03,7.132799999999999471e-04
3.074000000000000000e+03,7.132799999999999471e-04
3.078000000000000000e+03,1.337399999999999874e-03
3.082000000000000000e+03,1.069919999999999812e-03
3.086000000000000000e+03,1.337399999999999874e-03
3.090000000000000000e+03,9.807600000000000085e-04
3.094000000000000000e+03,8.915999999999999880e-04
3.098000000000000000e+03,8.915999999999999880e-04
3.102000000000000000e+03,8.915999999999999880e-04
3.106000000000000000e+03,8.915999999999999880e-04
3.110000000000000000e+03,8.024399999999999675e-04
3.114000000000000000e+03,8.024399999999999675e-04
3.118000000000000000e+03,8.024399999999999675e-04
3.122000000000000000e+03,8.024399999999999675e-04
3.126000000000000000e+03,8.024399999999999675e-04
3.130000000000000000e+03,8.024399999999999675e-04
3.134000000000000000e+03,8.024399999999999675e-04
3.138000000000000000e+03,8.024399999999999675e-04
3.142000000000000000e+03,8.024399999999999675e-04
3.146000000000000000e+03,9.807600000000000085e-04
3.150000000000000000e+03,9.807600000000000085e-04
3.154000000000000000e+03,9.807600000000000085e-04
3.158000000000000000e+03,9.807600000000000085e-04
3.162000000000000000e+03,9.807600000000000085e-04
3.166000000000000000e+03,8.915999999999999880e-04
3.170000000000000000e+03,8.915999999999999880e-04
3.174000000000000000e+03,8.915999999999999880e-04
3.178000000000000000e+03,8.915999999999999880e-04
3.182000000000000000e+03,8.915999999999999880e-04
3.186000000000000000e+03,8.915999999999999880e-04
3.190000000000000000e+03,8.915999999999999880e-04
3.194000000000000000e+03,1.069919999999999812e-03
3.198000000000000000e+03,1.069919999999999812e-03
3.202000000000000000e+03,1.069919999999999812e-03
3.206000000000000000e+03,1.069919999999999812e-03
3.210000000000000000e+03,1.069919999999999812e-03
3.214000000000000000e+03,1.069919999999999812e-03
3.218000000000000000e+03,1.069919999999999812e-03
3.222000000000000000e+03,1.069919999999999812e-03
3.226000000000000000e+03,1.069919999999999812e-03
3.230000000000000000e+03,1.069919999999999812e-03
3.234000000000000000e+03,1.069919999999999812e-03
3.238000000000000000e+03,1.069919999999999812e-03
3.242000000000000000e+03,1.069919999999999812e-03
3.246000000000000000e+03,1.069919999999999812e-03
3.250000000000000000e+03,1.159079999999999833e-03
3.254000000000000000e+03,8.915999999999999880e-04
3.258000000000000000e+03,1.069919999999999812e-03
3.262000000000000000e+03,1.069919999999999812e-03
3.266000000000000000e+03,1.069919999999999812e-03
3.270000000000000000e+03,5.349599999999999061e-04
3.274000000000000000e+03,5.349599999999999061e-04
3.278000000000000000e+03,1.069919999999999812e-03
3.282000000000000000e+03,1.069919999999999812e-03
3.286000000000000000e+03,1.069919999999999812e-03
3.290000000000000000e+03,1.069919999999999812e-03
3.294000000000000000e+03,1.783199999999999976e-03
3.298000000000000000e+03,1.069919999999999812e-03
3.302000000000000000e+03,8.915999999999999880e-04
3.306000000000000000e+03,9.807600000000000085e-04
3.310000000000000000e+03,1.159079999999999833e-03
3.314000000000000000e+03,1.248239999999999853e-03
3.318000000000000000e+03,1.159079999999999833e-03
3.322000000000000000e+03,1.159079999999999833e-03
3.326000000000000000e+03,6.241199999999999266e-04
3.330000000000000000e+03,7.132799999999999471e-04
3.334000000000000000e+03,7.132799999999999471e-04
3.338000000000000000e+03,1.248239999999999853e-03
3.342000000000000000e+03,5.349599999999999061e-04
3.346000000000000000e+03,1.783199999999999868e-04
3.350000000000000000e+03,1.248239999999999853e-03
3.354000000000000000e+03,6.241199999999999266e-04
3.358000000000000000e+03,1.426559999999999894e-03
3.362000000000000000e+03,1.337399999999999874e-03
3.366000000000000000e+03,1.248239999999999853e-03
3.370000000000000000e+03,4.457999999999999940e-04
3.374000000000000000e+03,7.132799999999999471e-04
3.378000000000000000e+03,1.248239999999999853e-03
3.382000000000000000e+03,1.248239999999999853e-03
3.386000000000000000e+03,8.024399999999999675e-04
3.390000000000000000e+03,7.132799999999999471e-04
3.394000000000000000e+03,3.566399999999999735e-04
3.398000000000000000e+03,9.807600000000000085e-04
3.402000000000000000e+03,1.069919999999999812e-03
3.406000000000000000e+03,1.337399999999999874e-03
3.410000000000000000e+03,1.248239999999999853e-03
3.414000000000000000e+03,6.241199999999999266e-04
3.418000000000000000e+03,1.515719999999999915e-03
3.422000000000000000e+03,7.132799999999999471e-04
3.426000000000000000e+03,8.915999999999999880e-04
3.430000000000000000e+03,8.915999999999999880e-04
3.434000000000000000e+03,8.915999999999999880e-04
3.438000000000000000e+03,0.000000000000000000e+00
3.442000000000000000e+03,4.457999999999999940e-04
3.446000000000000000e+03,9.807600000000000085e-04
3.450000000000000000e+03,6.241199999999999266e-04
3.454000000000000000e+03,7.132799999999999471e-04
3.458000000000000000e+03,8.024399999999999675e-04
3.462000000000000000e+03,4.457999999999999940e-04
3.466000000000000000e+03,1.337399999999999874e-03
3.470000000000000000e+03,1.515719999999999915e-03
3.474000000000000000e+03,8.915999999999999880e-04
3.478000000000000000e+03,1.426559999999999894e-03
3.482000000000000000e+03,6.241199999999999266e-04
3.486000000000000000e+03,1.515719999999999915e-03
3.490000000000000000e+03,1.515719999999999915e-03
3.494000000000000000e+03,1.515719999999999915e-03
3.498000000000000000e+03,1.159079999999999833e-03
3.502000000000000000e+03,6.241199999999999266e-04
3.506000000000000000e+03,1.872359999999999780e-03
3.510000000000000000e+03,1.694039999999999956e-03
3.514000000000000000e+03,4.457999999999999940e-04
3.518000000000000000e+03,1.426559999999999894e-03
3.522000000000000000e+03,9.807600000000000085e-04
3.526000000000000000e+03,1.426559999999999894e-03
3.530000000000000000e+03,1.604879999999999935e-03
3.534000000000000000e+03,1.604879999999999935e-03
3.538000000000000000e+03,1.694039999999999956e-03
3.542000000000000000e+03,6.241199999999999266e-04
3.546000000000000000e+03,2.050680000000000038e-03
3.550000000000000000e+03,1.783199999999999976e-03
3.554000000000000000e+03,6.241199999999999266e-04
3.558000000000000000e+03,3.566399999999999735e-04
3.562000000000000000e+03,8.915999999999999880e-04
3.566000000000000000e+03,4.457999999999999940e-04
3.570000000000000000e+03,6.241199999999999266e-04
3.574000000000000000e+03,7.132799999999999471e-04
3.578000000000000000e+03,3.566399999999999735e-04
3.582000000000000000e+03,1.337399999999999874e-03
3.586000000000000000e+03,1.783199999999999868e-04
3.590000000000000000e+03,1.694039999999999956e-03
3.594000000000000000e+03,8.915999999999999880e-04
3.598000000000000000e+03,1.159079999999999833e-03
3.602000000000000000e+03,1.783199999999999976e-03
3.606000000000000000e+03,1.961520000000000017e-03
3.610000000000000000e+03,1.426559999999999894e-03
3.614000000000000000e+03,1.248239999999999853e-03
3.618000000000000000e+03,1.783199999999999976e-03
3.622000000000000000e+03,8.024399999999999675e-04
3.626000000000000000e+03,8.915999999999999880e-04
3.630000000000000000e+03,0.000000000000000000e+00
3.634000000000000000e+03,1.515719999999999915e-03
3.638000000000000000e+03,1.872359999999999780e-03
3.642000000000000000e+03,1.337399999999999874e-03
3.646000000000000000e+03,8.024399999999999675e-04
3.650000000000000000e+03,5.349599999999999061e-04
3.654000000000000000e+03,1.426559999999999894e-03
3.658000000000000000e+03,9.807600000000000085e-04
3.662000000000000000e+03,1.515719999999999915e-03
3.666000000000000000e+03,8.024399999999999675e-04
3.670000000000000000e+03,4.457999999999999940e-04
3.674000000000000000e+03,6.241199999999999266e-04
3.678000000000000000e+03,4.457999999999999940e-04
3.682000000000000000e+03,1.694039999999999956e-03
3.686000000000000000e+03,1.604879999999999935e-03
3.690000000000000000e+03,2.139839999999999624e-03
3.694000000000000000e+03,1.961520000000000017e-03
3.698000000000000000e+03,1.961520000000000017e-03
3.702000000000000000e+03,1.694039999999999956e-03
3.706000000000000000e+03,1.426559999999999894e-03
3.710000000000000000e+03,1.783199999999999976e-03
3.714000000000000000e+03,1.783199999999999976e-03
3.718000000000000000e+03,2.139839999999999624e-03
3.722000000000000000e+03,1.694039999999999956e-03
3.726000000000000000e+03,1.694039999999999956e-03
3.730000000000000000e+03,1.604879999999999935e-03
3.734000000000000000e+03,7.132799999999999471e-04
3.738000000000000000e+03,1.426559999999999894e-03
3.742000000000000000e+03,1.694039999999999956e-03
3.746000000000000000e+03,1.337399999999999874e-03
3.750000000000000000e+03,1.872359999999999780e-03
3.754000000000000000e+03,1.872359999999999780e-03
3.758000000000000000e+03,1.961520000000000017e-03
3.762000000000000000e+03,2.318159999999999665e-03
3.766000000000000000e+03,2.228999999999999645e-03
3.770000000000000000e+03,1.872359999999999780e-03
3.774000000000000000e+03,2.050680000000000038e-03
3.778000000000000000e+03,2.139839999999999624e-03
3.782000000000000000e+03,1.694039999999999956e-03
3.786000000000000000e+03,1.426559999999999894e-03
3.790000000000000000e+03,1.604879999999999935e-03
3.794000000000000000e+03,1.248239999999999853e-03
3.798000000000000000e+03,1.426559999999999894e-03
3.802000000000000000e+03,1.159079999999999833e-03
3.806000000000000000e+03,1.872359999999999780e-03
3.810000000000000000e+03,1.783199999999999976e-03
3.814000000000000000e+03,1.604879999999999935e-03
3.818000000000000000e+03,1.426559999999999894e-03
3.822000000000000000e+03,1.069919999999999812e-03
3.826000000000000000e+03,1.604879999999999935e-03
3.830000000000000000e+03,6.241199999999999266e-04
3.834000000000000000e+03,4.457999999999999940e-04
3.838000000000000000e+03,8.915999999999999338e-05
3.842000000000000000e+03,7.132799999999999471e-04
3.846000000000000000e+03,8.915999999999999880e-04
3.850000000000000000e+03,8.915999999999999338e-05
3.854000000000000000e+03,9.807600000000000085e-04
3.858000000000000000e+03,6.241199999999999266e-04
3.862000000000000000e+03,8.915999999999999880e-04
3.866000000000000000e+03,1.961520000000000017e-03
3.870000000000000000e+03,1.426559999999999894e-03
3.874000000000000000e+03,1.337399999999999874e-03
3.878000000000000000e+03,8.024399999999999675e-04
3.882000000000000000e+03,1.069919999999999812e-03
3.886000000000000000e+03,9.807600000000000085e-04
3.890000000000000000e+03,2.674799999999999530e-04
3.894000000000000000e+03,6.241199999999999266e-04
3.898000000000000000e+03,2.674799999999999530e-04
3.902000000000000000e+03,8.915999999999999880e-04
3.906000000000000000e+03,1.069919999999999812e-03
3.910000000000000000e+03,8.024399999999999675e-04
3.914000000000000000e+03,1.248239999999999853e-03
3.918000000000000000e+03,2.139839999999999624e-03
3.922000000000000000e+03,2.228999999999999645e-03
3.926000000000000000e+03,2.674799999999999747e-03
3.930000000000000000e+03,2.585639999999999727e-03
3.934000000000000000e+03,2.139839999999999624e-03
3.938000000000000000e+03,1.337399999999999874e-03
3.942000000000000000e+03,1.604879999999999935e-03
3.946000000000000000e+03,1.069919999999999812e-03
3.950000000000000000e+03,1.069919999999999812e-03
3.954000000000000000e+03,4.457999999999999940e-04
3.958000000000000000e+03,5.349599999999999061e-04
3.962000000000000000e+03,5.349599999999999061e-04
3.966000000000000000e+03,1.783199999999999868e-04
