4.500000000000000000e+02,0.000000000000000000e+00
4.540000000000000000e+02,5.643000000000000013e-04
4.580000000000000000e+02,1.862190000000000113e-03
4.620000000000000000e+02,3.385800000000000008e-03
4.660000000000000000e+02,4.852979999999999794e-03
4.700000000000000000e+02,6.376589999999999689e-03
4.740000000000000000e+02,6.038009999999999905e-03
4.780000000000000000e+02,6.658739999999999798e-03
4.820000000000000000e+02,6.997319999999999582e-03
4.860000000000000000e+02,7.448760000000000450e-03
4.900000000000000000e+02,9.028800000000000020e-03
4.940000000000000000e+02,9.536670000000000563e-03
4.980000000000000000e+02,1.038311999999999916e-02
5.020000000000000000e+02,1.224531000000000057e-02
5.060000000000000000e+02,1.625184000000000004e-02
5.100000000000000000e+02,1.659042000000000155e-02
5.140000000000000000e+02,1.963764000000000134e-02
5.180000000000000000e+02,2.386989000000000125e-02
5.220000000000000000e+02,2.686068000000000136e-02
5.260000000000000000e+02,3.030290999999999887e-02
5.300000000000000000e+02,3.081077999999999942e-02
5.340000000000000000e+02,3.103650000000000159e-02
5.380000000000000000e+02,2.900501999999999941e-02
5.420000000000000000e+02,2.629638000000000114e-02
5.460000000000000000e+02,2.183840999999999907e-02
5.500000000000000000e+02,1.647755999999999874e-02
5.540000000000000000e+02,1.185029999999999938e-02
5.580000000000000000e+02,1.038311999999999916e-02
5.620000000000000000e+02,7.335900000000000233e-03
5.660000000000000000e+02,5.981580000000000230e-03
5.700000000000000000e+02,4.345110000000000118e-03
5.740000000000000000e+02,2.652209999999999897e-03
5.780000000000000000e+02,2.031480000000000005e-03
5.820000000000000000e+02,1.918620000000000004e-03
5.860000000000000000e+02,1.975049999999999896e-03
5.900000000000000000e+02,1.862190000000000113e-03
5.940000000000000000e+02,1.354320000000000003e-03
5.980000000000000000e+02,1.918620000000000004e-03
6.020000000000000000e+02,1.805760000000000004e-03
6.060000000000000000e+02,1.410750000000000112e-03
6.100000000000000000e+02,1.467180000000000003e-03
6.140000000000000000e+02,1.918620000000000004e-03
6.180000000000000000e+02,1.410750000000000112e-03
6.220000000000000000e+02,1.015740000000000002e-03
6.260000000000000000e+02,1.636470000000000112e-03
6.300000000000000000e+02,2.765070000000000115e-03
6.340000000000000000e+02,1.241460000000000003e-03
6.380000000000000000e+02,1.072169999999999894e-03
6.420000000000000000e+02,1.015740000000000002e-03
6.460000000000000000e+02,1.354320000000000003e-03
6.500000000000000000e+02,1.241460000000000003e-03
6.540000000000000000e+02,1.297889999999999894e-03
6.580000000000000000e+02,7.335900000000000016e-04
6.620000000000000000e+02,9.028800000000000020e-04
6.660000000000000000e+02,3.950100000000000009e-04
6.700000000000000000e+02,1.692900000000000004e-03
6.740000000000000000e+02,6.771600000000000015e-04
6.780000000000000000e+02,1.354320000000000003e-03
6.820000000000000000e+02,1.805760000000000004e-03
6.860000000000000000e+02,1.692900000000000004e-03
6.900000000000000000e+02,1.692900000000000004e-03
6.940000000000000000e+02,2.087910000000000113e-03
6.980000000000000000e+02,2.087910000000000113e-03
7.020000000000000000e+02,2.370060000000000222e-03
7.060000000000000000e+02,3.329369999999999899e-03
7.100000000000000000e+02,3.442230000000000116e-03
7.140000000000000000e+02,4.457970000000000335e-03
7.180000000000000000e+02,5.473709999999999687e-03
7.220000000000000000e+02,7.561619999999999800e-03
7.260000000000000000e+02,9.254520000000000454e-03
7.300000000000000000e+02,1.094741999999999937e-02
7.340000000000000000e+02,1.354320000000000003e-02
7.380000000000000000e+02,1.574396999999999949e-02
7.420000000000000000e+02,1.732401000000000080e-02
7.460000000000000000e+02,1.856547000000000058e-02
7.500000000000000000e+02,1.687256999999999993e-02
7.540000000000000000e+02,1.444608000000000003e-02
7.580000000000000000e+02,1.173744000000000003e-02
7.620000000000000000e+02,9.423809999999999479e-03
7.660000000000000000e+02,8.633790000000000561e-03
7.700000000000000000e+02,8.633790000000000561e-03
7.740000000000000000e+02,1.072170000000000067e-02
7.780000000000000000e+02,1.388177999999999981e-02
7.820000000000000000e+02,1.833974999999999841e-02
7.860000000000000000e+02,2.482919999999999919e-02
7.900000000000000000e+02,3.239082000000000072e-02
7.940000000000000000e+02,4.158890999999999977e-02
7.980000000000000000e+02,5.027912999999999827e-02
8.020000000000000000e+02,5.699429999999999774e-02
8.060000000000000000e+02,6.241158000000000122e-02
8.100000000000000000e+02,6.500736000000000014e-02
8.140000000000000000e+02,6.449949000000000654e-02
8.180000000000000000e+02,5.851790999999999937e-02
8.220000000000000000e+02,4.977125999999999773e-02
8.260000000000000000e+02,3.995243999999999879e-02
8.300000000000000000e+02,2.725568999999999908e-02
8.340000000000000000e+02,2.031480000000000091e-02
8.380000000000000000e+02,1.512323999999999960e-02
8.420000000000000000e+02,1.151171999999999959e-02
8.460000000000000000e+02,1.015740000000000046e-02
8.500000000000000000e+02,8.915940000000000670e-03
8.540000000000000000e+02,7.674480000000000017e-03
8.580000000000000000e+02,7.110179999999999799e-03
8.620000000000000000e+02,6.658739999999999798e-03
8.660000000000000000e+02,6.094439999999999580e-03
8.700000000000000000e+02,6.150870000000000122e-03
8.740000000000000000e+02,6.150870000000000122e-03
8.780000000000000000e+02,6.094439999999999580e-03
8.820000000000000000e+02,6.094439999999999580e-03
8.860000000000000000e+02,6.150870000000000122e-03
8.900000000000000000e+02,6.658739999999999798e-03
8.940000000000000000e+02,7.110179999999999799e-03
8.980000000000000000e+02,7.900199999999999584e-03
9.020000000000000000e+02,8.972370000000000345e-03
9.060000000000000000e+02,9.988109999999999697e-03
9.100000000000000000e+02,1.128600000000000089e-02
9.140000000000000000e+02,1.337390999999999927e-02
9.180000000000000000e+02,1.642112999999999906e-02
9.220000000000000000e+02,1.986336000000000004e-02
9.260000000000000000e+02,2.465991000000000016e-02
9.300000000000000000e+02,3.148793999999999899e-02
9.340000000000000000e+02,4.040388000000000313e-02
9.380000000000000000e+02,5.157702000000000120e-02
9.420000000000000000e+02,6.607952999999999744e-02
9.460000000000000000e+02,8.441927999999999932e-02
9.500000000000000000e+02,1.061448299999999956e-01
9.540000000000000000e+02,1.309740299999999913e-01
9.580000000000000000e+02,1.533203099999999874e-01
9.620000000000000000e+02,1.697414399999999934e-01
9.660000000000000000e+02,1.752715800000000101e-01
9.700000000000000000e+02,1.685564099999999899e-01
9.740000000000000000e+02,1.533767400000000114e-01
9.780000000000000000e+02,1.322154899999999911e-01
9.820000000000000000e+02,1.080634500000000053e-01
9.860000000000000000e+02,8.492715000000000680e-02
9.900000000000000000e+02,6.551522999999999375e-02
9.940000000000000000e+02,5.259276000000000229e-02
9.980000000000000000e+02,4.469255999999999923e-02
1.002000000000000000e+03,4.283036999999999955e-02
1.006000000000000000e+03,4.486185000000000173e-02
1.010000000000000000e+03,5.197203000000000239e-02
1.014000000000000000e+03,6.433020000000000405e-02
1.018000000000000000e+03,8.402426999999999813e-02
1.022000000000000000e+03,1.148914800000000042e-01
1.026000000000000000e+03,1.635905699999999907e-01
1.030000000000000000e+03,2.372881500000000032e-01
1.034000000000000000e+03,3.414579300000000206e-01
1.038000000000000000e+03,4.633467299999999844e-01
1.042000000000000000e+03,5.626635300000000228e-01
1.046000000000000000e+03,5.643000000000000238e-01
1.050000000000000000e+03,5.178581100000000381e-01
1.054000000000000000e+03,4.411133099999999807e-01
1.058000000000000000e+03,3.707450999999999941e-01
1.062000000000000000e+03,2.978375400000000117e-01
1.066000000000000000e+03,2.307422699999999993e-01
1.070000000000000000e+03,1.773030600000000123e-01
1.074000000000000000e+03,1.374634799999999990e-01
1.078000000000000000e+03,1.096999200000000063e-01
1.082000000000000000e+03,9.316592999999999403e-02
1.086000000000000000e+03,8.374212000000000322e-02
1.090000000000000000e+03,7.776054000000000299e-02
1.094000000000000000e+03,7.403616000000000363e-02
1.098000000000000000e+03,6.986034000000000688e-02
1.102000000000000000e+03,6.512022000000000643e-02
1.106000000000000000e+03,5.710715999999999709e-02
1.110000000000000000e+03,4.903766999999999848e-02
1.114000000000000000e+03,4.283036999999999955e-02
1.118000000000000000e+03,3.876741000000000215e-02
1.122000000000000000e+03,3.515589000000000214e-02
1.126000000000000000e+03,3.306797999999999682e-02
1.130000000000000000e+03,3.239082000000000072e-02
1.134000000000000000e+03,3.148793999999999899e-02
1.138000000000000000e+03,3.143151000000000278e-02
1.142000000000000000e+03,3.205224000000000267e-02
1.146000000000000000e+03,3.250368000000000007e-02
1.150000000000000000e+03,3.306797999999999682e-02
1.154000000000000000e+03,3.363228000000000051e-02
1.158000000000000000e+03,3.357584999999999736e-02
1.162000000000000000e+03,3.357584999999999736e-02
1.166000000000000000e+03,3.357584999999999736e-02
1.170000000000000000e+03,3.244724999999999693e-02
1.174000000000000000e+03,3.120579000000000061e-02
1.178000000000000000e+03,2.894858999999999974e-02
1.182000000000000000e+03,2.573208000000000092e-02
1.186000000000000000e+03,2.183840999999999907e-02
1.190000000000000000e+03,1.873475999999999961e-02
1.194000000000000000e+03,1.534896000000000003e-02
1.198000000000000000e+03,1.264032000000000003e-02
1.202000000000000000e+03,1.049598000000000024e-02
1.206000000000000000e+03,9.423809999999999479e-03
1.210000000000000000e+03,8.915940000000000670e-03
1.214000000000000000e+03,7.843769999999999909e-03
1.218000000000000000e+03,7.843769999999999909e-03
1.222000000000000000e+03,7.843769999999999909e-03
1.226000000000000000e+03,7.843769999999999909e-03
1.230000000000000000e+03,8.408070000000000127e-03
1.234000000000000000e+03,8.520929999999999477e-03
1.238000000000000000e+03,8.803079999999999586e-03
1.242000000000000000e+03,9.649529999999999913e-03
1.246000000000000000e+03,1.066526999999999926e-02
1.250000000000000000e+03,1.269674999999999970e-02
1.254000000000000000e+03,1.529253000000000036e-02
1.258000000000000000e+03,1.986336000000000004e-02
1.262000000000000000e+03,2.827143000000000017e-02
1.266000000000000000e+03,4.164534000000000291e-02
1.270000000000000000e+03,6.054939000000000154e-02
1.274000000000000000e+03,8.137205999999999606e-02
1.278000000000000000e+03,1.011225600000000002e-01
1.282000000000000000e+03,1.073298599999999992e-01
1.286000000000000000e+03,1.008404100000000053e-01
1.290000000000000000e+03,9.344808000000000281e-02
1.294000000000000000e+03,8.972370000000000345e-02
1.298000000000000000e+03,9.045728999999999576e-02
1.302000000000000000e+03,9.226304999999999923e-02
1.306000000000000000e+03,8.803080000000000627e-02
1.310000000000000000e+03,7.414901999999999604e-02
1.314000000000000000e+03,5.699429999999999774e-02
1.318000000000000000e+03,4.040388000000000313e-02
1.322000000000000000e+03,2.708640000000000006e-02
1.326000000000000000e+03,1.929905999999999983e-02
1.330000000000000000e+03,1.461537000000000079e-02
1.334000000000000000e+03,1.168101000000000035e-02
1.338000000000000000e+03,1.021383000000000013e-02
1.342000000000000000e+03,8.690220000000000236e-03
1.346000000000000000e+03,8.238779999999999368e-03
1.350000000000000000e+03,8.351640000000000452e-03
1.354000000000000000e+03,8.351640000000000452e-03
1.358000000000000000e+03,9.254520000000000454e-03
1.362000000000000000e+03,1.055240999999999991e-02
1.366000000000000000e+03,1.376892000000000046e-02
1.370000000000000000e+03,1.551825000000000079e-02
1.374000000000000000e+03,2.014550999999999842e-02
1.378000000000000000e+03,1.800117000000000037e-02
1.382000000000000000e+03,1.929905999999999983e-02
1.386000000000000000e+03,2.155626000000000070e-02
1.390000000000000000e+03,2.663495999999999919e-02
1.394000000000000000e+03,3.143151000000000278e-02
1.398000000000000000e+03,3.233438999999999758e-02
1.402000000000000000e+03,2.917430999999999844e-02
1.406000000000000000e+03,2.228984999999999994e-02
1.410000000000000000e+03,1.546181999999999938e-02
1.414000000000000000e+03,1.173744000000000003e-02
1.418000000000000000e+03,9.818820000000000672e-03
1.422000000000000000e+03,8.915940000000000670e-03
1.426000000000000000e+03,8.746649999999999911e-03
1.430000000000000000e+03,8.915940000000000670e-03
1.434000000000000000e+03,8.746649999999999911e-03
1.438000000000000000e+03,9.254520000000000454e-03
1.442000000000000000e+03,1.010097000000000078e-02
1.446000000000000000e+03,1.117313999999999981e-02
1.450000000000000000e+03,1.122956999999999948e-02
1.454000000000000000e+03,1.083456000000000002e-02
1.458000000000000000e+03,1.021383000000000013e-02
1.462000000000000000e+03,9.085229999999999695e-03
1.466000000000000000e+03,9.028800000000000020e-03
1.470000000000000000e+03,8.803079999999999586e-03
1.474000000000000000e+03,8.238779999999999368e-03
1.478000000000000000e+03,7.674480000000000017e-03
1.482000000000000000e+03,7.900199999999999584e-03
1.486000000000000000e+03,7.900199999999999584e-03
1.490000000000000000e+03,7.110179999999999799e-03
1.494000000000000000e+03,6.263730000000000339e-03
1.498000000000000000e+03,5.473709999999999687e-03
1.502000000000000000e+03,4.570829999999999685e-03
1.506000000000000000e+03,4.909410000000000336e-03
1.510000000000000000e+03,3.555089999999999899e-03
1.514000000000000000e+03,3.160080000000000007e-03
1.518000000000000000e+03,3.160080000000000007e-03
1.522000000000000000e+03,2.482920000000000006e-03
1.526000000000000000e+03,2.539350000000000114e-03
1.530000000000000000e+03,2.031480000000000005e-03
1.534000000000000000e+03,2.144339999999999788e-03
1.538000000000000000e+03,2.539350000000000114e-03
1.542000000000000000e+03,1.805760000000000004e-03
1.546000000000000000e+03,1.467180000000000003e-03
1.550000000000000000e+03,1.692900000000000004e-03
1.554000000000000000e+03,1.749329999999999895e-03
1.558000000000000000e+03,1.975049999999999896e-03
1.562000000000000000e+03,9.593100000000000021e-04
1.566000000000000000e+03,1.128600000000000003e-03
1.570000000000000000e+03,1.523609999999999895e-03
1.574000000000000000e+03,1.467180000000000003e-03
1.578000000000000000e+03,1.185030000000000111e-03
1.582000000000000000e+03,1.185030000000000111e-03
1.586000000000000000e+03,1.297889999999999894e-03
1.590000000000000000e+03,1.241460000000000003e-03
1.594000000000000000e+03,1.185030000000000111e-03
1.598000000000000000e+03,1.185030000000000111e-03
1.602000000000000000e+03,1.862190000000000113e-03
1.606000000000000000e+03,1.185030000000000111e-03
1.610000000000000000e+03,1.241460000000000003e-03
1.614000000000000000e+03,1.410750000000000112e-03
1.618000000000000000e+03,1.354320000000000003e-03
1.622000000000000000e+03,1.467180000000000003e-03
1.626000000000000000e+03,1.297889999999999894e-03
1.630000000000000000e+03,1.241460000000000003e-03
1.634000000000000000e+03,1.692900000000000004e-03
1.638000000000000000e+03,1.128600000000000003e-03
1.642000000000000000e+03,1.692900000000000004e-03
1.646000000000000000e+03,1.692900000000000004e-03
1.650000000000000000e+03,1.523609999999999895e-03
1.654000000000000000e+03,1.410750000000000112e-03
1.658000000000000000e+03,1.185030000000000111e-03
1.662000000000000000e+03,1.241460000000000003e-03
1.666000000000000000e+03,1.410750000000000112e-03
1.670000000000000000e+03,1.692900000000000004e-03
1.674000000000000000e+03,1.636470000000000112e-03
1.678000000000000000e+03,1.805760000000000004e-03
1.682000000000000000e+03,1.918620000000000004e-03
1.686000000000000000e+03,2.087910000000000113e-03
1.690000000000000000e+03,2.087910000000000113e-03
1.694000000000000000e+03,2.257200000000000005e-03
1.698000000000000000e+03,2.031480000000000005e-03
1.702000000000000000e+03,1.975049999999999896e-03
1.706000000000000000e+03,1.692900000000000004e-03
1.710000000000000000e+03,1.862190000000000113e-03
1.714000000000000000e+03,2.200769999999999896e-03
1.718000000000000000e+03,2.087910000000000113e-03
1.722000000000000000e+03,1.692900000000000004e-03
1.726000000000000000e+03,1.805760000000000004e-03
1.730000000000000000e+03,2.031480000000000005e-03
1.734000000000000000e+03,2.087910000000000113e-03
1.738000000000000000e+03,1.636470000000000112e-03
1.742000000000000000e+03,2.200769999999999896e-03
1.746000000000000000e+03,2.200769999999999896e-03
1.750000000000000000e+03,2.652209999999999897e-03
1.754000000000000000e+03,2.257200000000000005e-03
1.758000000000000000e+03,2.765070000000000115e-03
1.762000000000000000e+03,3.329369999999999899e-03
1.766000000000000000e+03,2.877929999999999898e-03
1.770000000000000000e+03,3.780809999999999900e-03
1.774000000000000000e+03,3.780809999999999900e-03
1.778000000000000000e+03,3.837240000000000009e-03
1.782000000000000000e+03,4.062960000000000009e-03
1.786000000000000000e+03,4.401539999999999793e-03
1.790000000000000000e+03,4.175820000000000226e-03
1.794000000000000000e+03,3.893670000000000117e-03
1.798000000000000000e+03,3.893670000000000117e-03
1.802000000000000000e+03,3.216510000000000116e-03
1.806000000000000000e+03,2.877929999999999898e-03
1.810000000000000000e+03,2.821500000000000223e-03
1.814000000000000000e+03,2.821500000000000223e-03
1.818000000000000000e+03,2.370060000000000222e-03
1.822000000000000000e+03,2.257200000000000005e-03
1.826000000000000000e+03,2.257200000000000005e-03
1.830000000000000000e+03,2.877929999999999898e-03
1.834000000000000000e+03,2.821500000000000223e-03
1.838000000000000000e+03,2.821500000000000223e-03
1.842000000000000000e+03,3.329369999999999899e-03
1.846000000000000000e+03,3.893670000000000117e-03
1.850000000000000000e+03,3.893670000000000117e-03
1.854000000000000000e+03,4.457970000000000335e-03
1.858000000000000000e+03,4.457970000000000335e-03
1.862000000000000000e+03,4.457970000000000335e-03
1.866000000000000000e+03,4.401539999999999793e-03
1.870000000000000000e+03,4.288679999999999576e-03
1.874000000000000000e+03,4.006530000000000334e-03
1.878000000000000000e+03,4.288679999999999576e-03
1.882000000000000000e+03,3.950099999999999792e-03
1.886000000000000000e+03,3.893670000000000117e-03
1.890000000000000000e+03,3.950099999999999792e-03
1.894000000000000000e+03,3.329369999999999899e-03
1.898000000000000000e+03,3.442230000000000116e-03
1.902000000000000000e+03,3.385800000000000008e-03
1.906000000000000000e+03,3.385800000000000008e-03
1.910000000000000000e+03,2.990790000000000115e-03
1.914000000000000000e+03,2.990790000000000115e-03
1.918000000000000000e+03,2.934360000000000007e-03
1.922000000000000000e+03,2.313630000000000114e-03
1.926000000000000000e+03,2.370060000000000222e-03
1.930000000000000000e+03,2.257200000000000005e-03
1.934000000000000000e+03,2.313630000000000114e-03
1.938000000000000000e+03,1.918620000000000004e-03
1.942000000000000000e+03,1.862190000000000113e-03
1.946000000000000000e+03,1.918620000000000004e-03
1.950000000000000000e+03,1.297889999999999894e-03
1.954000000000000000e+03,1.354320000000000003e-03
1.958000000000000000e+03,2.031480000000000005e-03
1.962000000000000000e+03,1.354320000000000003e-03
1.966000000000000000e+03,1.410750000000000112e-03
1.970000000000000000e+03,1.410750000000000112e-03
1.974000000000000000e+03,1.410750000000000112e-03
1.978000000000000000e+03,1.410750000000000112e-03
1.982000000000000000e+03,1.410750000000000112e-03
1.986000000000000000e+03,1.410750000000000112e-03
1.990000000000000000e+03,1.410750000000000112e-03
1.994000000000000000e+03,1.410750000000000112e-03
1.998000000000000000e+03,1.410750000000000112e-03
2.002000000000000000e+03,1.410750000000000112e-03
2.006000000000000000e+03,1.467180000000000003e-03
2.010000000000000000e+03,1.297889999999999894e-03
2.014000000000000000e+03,1.354320000000000003e-03
2.018000000000000000e+03,9.028800000000000020e-04
2.022000000000000000e+03,1.410750000000000112e-03
2.026000000000000000e+03,1.410750000000000112e-03
2.030000000000000000e+03,1.410750000000000112e-03
2.034000000000000000e+03,1.072169999999999894e-03
2.038000000000000000e+03,1.297889999999999894e-03
2.042000000000000000e+03,9.593100000000000021e-04
2.046000000000000000e+03,9.028800000000000020e-04
2.050000000000000000e+03,1.015740000000000002e-03
2.054000000000000000e+03,9.593100000000000021e-04
2.058000000000000000e+03,9.593100000000000021e-04
2.062000000000000000e+03,9.593100000000000021e-04
2.066000000000000000e+03,9.593100000000000021e-04
2.070000000000000000e+03,1.015740000000000002e-03
2.074000000000000000e+03,1.467180000000000003e-03
2.078000000000000000e+03,1.410750000000000112e-03
2.082000000000000000e+03,1.467180000000000003e-03
2.086000000000000000e+03,9.593100000000000021e-04
2.090000000000000000e+03,9.593100000000000021e-04
2.094000000000000000e+03,9.028800000000000020e-04
2.098000000000000000e+03,1.128600000000000003e-03
2.102000000000000000e+03,1.410750000000000112e-03
2.106000000000000000e+03,1.128600000000000003e-03
2.110000000000000000e+03,1.185030000000000111e-03
2.114000000000000000e+03,1.692900000000000004e-03
2.118000000000000000e+03,1.410750000000000112e-03
2.122000000000000000e+03,9.593100000000000021e-04
2.126000000000000000e+03,9.593100000000000021e-04
2.130000000000000000e+03,9.593100000000000021e-04
2.134000000000000000e+03,1.015740000000000002e-03
2.138000000000000000e+03,9.028800000000000020e-04
2.142000000000000000e+03,9.028800000000000020e-04
2.146000000000000000e+03,1.467180000000000003e-03
2.150000000000000000e+03,1.072169999999999894e-03
2.154000000000000000e+03,1.072169999999999894e-03
2.158000000000000000e+03,1.072169999999999894e-03
2.162000000000000000e+03,1.015740000000000002e-03
2.166000000000000000e+03,1.354320000000000003e-03
2.170000000000000000e+03,9.593100000000000021e-04
2.174000000000000000e+03,1.072169999999999894e-03
2.178000000000000000e+03,1.467180000000000003e-03
2.182000000000000000e+03,1.072169999999999894e-03
2.186000000000000000e+03,1.467180000000000003e-03
2.190000000000000000e+03,1.015740000000000002e-03
2.194000000000000000e+03,1.015740000000000002e-03
2.198000000000000000e+03,1.015740000000000002e-03
2.202000000000000000e+03,1.015740000000000002e-03
2.206000000000000000e+03,1.015740000000000002e-03
2.210000000000000000e+03,1.015740000000000002e-03
2.214000000000000000e+03,1.015740000000000002e-03
2.218000000000000000e+03,1.015740000000000002e-03
2.222000000000000000e+03,1.015740000000000002e-03
2.226000000000000000e+03,1.015740000000000002e-03
2.230000000000000000e+03,1.015740000000000002e-03
2.234000000000000000e+03,9.593100000000000021e-04
2.238000000000000000e+03,9.593100000000000021e-04
2.242000000000000000e+03,1.015740000000000002e-03
2.246000000000000000e+03,1.015740000000000002e-03
2.250000000000000000e+03,1.015740000000000002e-03
2.254000000000000000e+03,1.015740000000000002e-03
2.258000000000000000e+03,1.015740000000000002e-03
2.262000000000000000e+03,1.015740000000000002e-03
2.266000000000000000e+03,1.015740000000000002e-03
2.270000000000000000e+03,1.015740000000000002e-03
2.274000000000000000e+03,9.028800000000000020e-04
2.278000000000000000e+03,9.593100000000000021e-04
2.282000000000000000e+03,9.593100000000000021e-04
2.286000000000000000e+03,9.028800000000000020e-04
2.290000000000000000e+03,8.464500000000000019e-04
2.294000000000000000e+03,7.900200000000000018e-04
2.298000000000000000e+03,6.207300000000000014e-04
2.302000000000000000e+03,6.207300000000000014e-04
2.306000000000000000e+03,4.514400000000000010e-04
2.310000000000000000e+03,8.464500000000000019e-04
2.314000000000000000e+03,8.464500000000000019e-04
2.318000000000000000e+03,1.015740000000000002e-03
2.322000000000000000e+03,6.771600000000000015e-04
2.326000000000000000e+03,7.335900000000000016e-04
2.330000000000000000e+03,6.771600000000000015e-04
2.334000000000000000e+03,7.335900000000000016e-04
2.338000000000000000e+03,7.335900000000000016e-04
2.342000000000000000e+03,6.207300000000000014e-04
2.346000000000000000e+03,5.643000000000000013e-04
2.350000000000000000e+03,6.771600000000000015e-04
2.354000000000000000e+03,1.128600000000000003e-03
2.358000000000000000e+03,1.185030000000000111e-03
2.362000000000000000e+03,1.241460000000000003e-03
2.366000000000000000e+03,3.950100000000000009e-04
2.370000000000000000e+03,3.950100000000000009e-04
2.374000000000000000e+03,3.950100000000000009e-04
2.378000000000000000e+03,3.950100000000000009e-04
2.382000000000000000e+03,6.207300000000000014e-04
2.386000000000000000e+03,3.950100000000000009e-04
2.390000000000000000e+03,3.950100000000000009e-04
2.394000000000000000e+03,5.643000000000000013e-04
2.398000000000000000e+03,6.207300000000000014e-04
2.402000000000000000e+03,1.072169999999999894e-03
2.406000000000000000e+03,1.072169999999999894e-03
2.410000000000000000e+03,1.072169999999999894e-03
2.414000000000000000e+03,1.072169999999999894e-03
2.418000000000000000e+03,1.072169999999999894e-03
2.422000000000000000e+03,1.072169999999999894e-03
2.426000000000000000e+03,1.072169999999999894e-03
2.430000000000000000e+03,1.072169999999999894e-03
2.434000000000000000e+03,1.072169999999999894e-03
2.438000000000000000e+03,1.072169999999999894e-03
2.442000000000000000e+03,1.072169999999999894e-03
2.446000000000000000e+03,1.072169999999999894e-03
2.450000000000000000e+03,1.072169999999999894e-03
2.454000000000000000e+03,1.072169999999999894e-03
2.458000000000000000e+03,1.072169999999999894e-03
2.462000000000000000e+03,1.015740000000000002e-03
2.466000000000000000e+03,1.015740000000000002e-03
2.470000000000000000e+03,1.015740000000000002e-03
2.474000000000000000e+03,1.128600000000000003e-03
2.478000000000000000e+03,1.015740000000000002e-03
2.482000000000000000e+03,1.072169999999999894e-03
2.486000000000000000e+03,5.643000000000000013e-04
2.490000000000000000e+03,4.514400000000000010e-04
2.494000000000000000e+03,6.771600000000000015e-04
2.498000000000000000e+03,7.335900000000000016e-04
2.502000000000000000e+03,6.207300000000000014e-04
2.506000000000000000e+03,5.643000000000000013e-04
2.510000000000000000e+03,5.643000000000000013e-04
2.514000000000000000e+03,6.207300000000000014e-04
2.518000000000000000e+03,6.207300000000000014e-04
2.522000000000000000e+03,6.207300000000000014e-04
2.526000000000000000e+03,6.207300000000000014e-04
2.530000000000000000e+03,6.207300000000000014e-04
2.534000000000000000e+03,6.207300000000000014e-04
2.538000000000000000e+03,6.207300000000000014e-04
2.542000000000000000e+03,6.207300000000000014e-04
2.546000000000000000e+03,6.207300000000000014e-04
2.550000000000000000e+03,6.207300000000000014e-04
2.554000000000000000e+03,6.207300000000000014e-04
2.558000000000000000e+03,6.207300000000000014e-04
2.562000000000000000e+03,6.207300000000000014e-04
2.566000000000000000e+03,6.207300000000000014e-04
2.570000000000000000e+03,6.207300000000000014e-04
2.574000000000000000e+03,6.207300000000000014e-04
2.578000000000000000e+03,6.207300000000000014e-04
2.582000000000000000e+03,6.207300000000000014e-04
2.586000000000000000e+03,6.207300000000000014e-04
2.590000000000000000e+03,6.207300000000000014e-04
2.594000000000000000e+03,6.207300000000000014e-04
2.598000000000000000e+03,6.207300000000000014e-04
2.602000000000000000e+03,6.207300000000000014e-04
2.606000000000000000e+03,6.207300000000000014e-04
2.610000000000000000e+03,6.207300000000000014e-04
2.614000000000000000e+03,6.207300000000000014e-04
2.618000000000000000e+03,6.207300000000000014e-04
2.622000000000000000e+03,6.207300000000000014e-04
2.626000000000000000e+03,5.643000000000000013e-04
2.630000000000000000e+03,5.643000000000000013e-04
2.634000000000000000e+03,5.643000000000000013e-04
2.638000000000000000e+03,5.643000000000000013e-04
2.642000000000000000e+03,5.643000000000000013e-04
2.646000000000000000e+03,5.643000000000000013e-04
2.650000000000000000e+03,5.643000000000000013e-04
2.654000000000000000e+03,5.643000000000000013e-04
2.658000000000000000e+03,5.643000000000000013e-04
2.662000000000000000e+03,5.643000000000000013e-04
2.666000000000000000e+03,5.643000000000000013e-04
2.670000000000000000e+03,5.643000000000000013e-04
2.674000000000000000e+03,5.643000000000000013e-04
2.678000000000000000e+03,5.643000000000000013e-04
2.682000000000000000e+03,6.771600000000000015e-04
2.686000000000000000e+03,6.771600000000000015e-04
2.690000000000000000e+03,6.771600000000000015e-04
2.694000000000000000e+03,6.207300000000000014e-04
2.698000000000000000e+03,6.207300000000000014e-04
2.702000000000000000e+03,6.207300000000000014e-04
2.706000000000000000e+03,5.643000000000000013e-04
2.710000000000000000e+03,5.643000000000000013e-04
2.714000000000000000e+03,1.185030000000000111e-03
2.718000000000000000e+03,1.015740000000000002e-03
2.722000000000000000e+03,1.072169999999999894e-03
2.726000000000000000e+03,1.072169999999999894e-03
2.730000000000000000e+03,1.636470000000000112e-03
2.734000000000000000e+03,1.636470000000000112e-03
2.738000000000000000e+03,1.636470000000000112e-03
2.742000000000000000e+03,1.636470000000000112e-03
2.746000000000000000e+03,2.144339999999999788e-03
2.750000000000000000e+03,2.200769999999999896e-03
2.754000000000000000e+03,2.200769999999999896e-03
2.758000000000000000e+03,2.200769999999999896e-03
2.762000000000000000e+03,2.144339999999999788e-03
2.766000000000000000e+03,2.144339999999999788e-03
2.770000000000000000e+03,2.144339999999999788e-03
2.774000000000000000e+03,2.708640000000000006e-03
2.778000000000000000e+03,3.160080000000000007e-03
2.782000000000000000e+03,3.160080000000000007e-03
2.786000000000000000e+03,2.708640000000000006e-03
2.790000000000000000e+03,2.765070000000000115e-03
2.794000000000000000e+03,2.652209999999999897e-03
2.798000000000000000e+03,2.482920000000000006e-03
2.802000000000000000e+03,2.482920000000000006e-03
2.806000000000000000e+03,2.539350000000000114e-03
2.810000000000000000e+03,2.200769999999999896e-03
2.814000000000000000e+03,2.482920000000000006e-03
2.818000000000000000e+03,2.708640000000000006e-03
2.822000000000000000e+03,2.765070000000000115e-03
2.826000000000000000e+03,3.103649999999999898e-03
2.830000000000000000e+03,3.160080000000000007e-03
2.834000000000000000e+03,3.216510000000000116e-03
2.838000000000000000e+03,3.216510000000000116e-03
2.842000000000000000e+03,3.724380000000000225e-03
2.846000000000000000e+03,3.780809999999999900e-03
2.850000000000000000e+03,4.232249999999999901e-03
2.854000000000000000e+03,4.401539999999999793e-03
2.858000000000000000e+03,4.909410000000000336e-03
2.862000000000000000e+03,5.812290000000000338e-03
2.866000000000000000e+03,7.110179999999999799e-03
2.870000000000000000e+03,9.028800000000000020e-03
2.874000000000000000e+03,1.106028000000000046e-02
2.878000000000000000e+03,1.376892000000000046e-02
2.882000000000000000e+03,1.546181999999999938e-02
2.886000000000000000e+03,1.709828999999999863e-02
2.890000000000000000e+03,1.721115000000000145e-02
2.894000000000000000e+03,1.771901999999999852e-02
2.898000000000000000e+03,1.833974999999999841e-02
2.902000000000000000e+03,2.104839000000000016e-02
2.906000000000000000e+03,2.488562999999999886e-02
2.910000000000000000e+03,2.917430999999999844e-02
2.914000000000000000e+03,3.256011000000000322e-02
2.918000000000000000e+03,3.368870999999999671e-02
2.922000000000000000e+03,3.351942000000000116e-02
2.926000000000000000e+03,3.210866999999999888e-02
2.930000000000000000e+03,3.306797999999999682e-02
2.934000000000000000e+03,3.848526000000000030e-02
2.938000000000000000e+03,4.604687999999999837e-02
2.942000000000000000e+03,5.112557999999999686e-02
2.946000000000000000e+03,5.185917000000000304e-02
2.950000000000000000e+03,4.745763000000000065e-02
2.954000000000000000e+03,4.164534000000000291e-02
2.958000000000000000e+03,3.758237999999999857e-02
2.962000000000000000e+03,3.673592999999999997e-02
2.966000000000000000e+03,3.837240000000000095e-02
2.970000000000000000e+03,4.226607000000000280e-02
2.974000000000000000e+03,4.915052999999999783e-02
2.978000000000000000e+03,6.054939000000000154e-02
2.982000000000000000e+03,7.510833000000000093e-02
2.986000000000000000e+03,8.763579000000000507e-02
2.990000000000000000e+03,9.243234000000000172e-02
2.994000000000000000e+03,8.695862999999999510e-02
2.998000000000000000e+03,7.544691000000000591e-02
3.002000000000000000e+03,6.100082999999999894e-02
3.006000000000000000e+03,4.869909000000000043e-02
3.010000000000000000e+03,3.871097999999999900e-02
3.014000000000000000e+03,3.098006999999999844e-02
3.018000000000000000e+03,2.567565000000000125e-02
3.022000000000000000e+03,2.104839000000000016e-02
3.026000000000000000e+03,1.698542999999999928e-02
3.030000000000000000e+03,1.348677000000000036e-02
3.034000000000000000e+03,1.094741999999999937e-02
3.038000000000000000e+03,8.690220000000000236e-03
3.042000000000000000e+03,7.166610000000000341e-03
3.046000000000000000e+03,5.981580000000000230e-03
3.050000000000000000e+03,4.852979999999999794e-03
3.054000000000000000e+03,4.345110000000000118e-03
3.058000000000000000e+03,3.780809999999999900e-03
3.062000000000000000e+03,3.837240000000000009e-03
3.066000000000000000e+03,2.765070000000000115e-03
3.070000000000000000e+03,2.765070000000000115e-03
3.074000000000000000e+03,2.200769999999999896e-03
3.078000000000000000e+03,2.257200000000000005e-03
3.082000000000000000e+03,1.975049999999999896e-03
3.086000000000000000e+03,1.749329999999999895e-03
3.090000000000000000e+03,1.749329999999999895e-03
3.094000000000000000e+03,1.805760000000000004e-03
3.098000000000000000e+03,1.805760000000000004e-03
3.102000000000000000e+03,1.692900000000000004e-03
3.106000000000000000e+03,1.241460000000000003e-03
3.110000000000000000e+03,1.805760000000000004e-03
3.114000000000000000e+03,1.805760000000000004e-03
3.118000000000000000e+03,1.241460000000000003e-03
3.122000000000000000e+03,1.749329999999999895e-03
3.126000000000000000e+03,1.749329999999999895e-03
3.130000000000000000e+03,1.523609999999999895e-03
3.134000000000000000e+03,1.523609999999999895e-03
3.138000000000000000e+03,1.410750000000000112e-03
3.142000000000000000e+03,1.749329999999999895e-03
3.146000000000000000e+03,1.354320000000000003e-03
3.150000000000000000e+03,1.241460000000000003e-03
3.154000000000000000e+03,1.241460000000000003e-03
3.158000000000000000e+03,1.185030000000000111e-03
3.162000000000000000e+03,1.185030000000000111e-03
3.166000000000000000e+03,1.241460000000000003e-03
3.170000000000000000e+03,1.749329999999999895e-03
3.174000000000000000e+03,1.297889999999999894e-03
3.178000000000000000e+03,1.297889999999999894e-03
3.182000000000000000e+03,1.185030000000000111e-03
3.186000000000000000e+03,1.862190000000000113e-03
3.190000000000000000e+03,1.805760000000000004e-03
3.194000000000000000e+03,1.185030000000000111e-03
3.198000000000000000e+03,1.297889999999999894e-03
3.202000000000000000e+03,1.749329999999999895e-03
3.206000000000000000e+03,1.241460000000000003e-03
3.210000000000000000e+03,1.241460000000000003e-03
3.214000000000000000e+03,1.297889999999999894e-03
3.218000000000000000e+03,1.241460000000000003e-03
3.222000000000000000e+03,1.241460000000000003e-03
3.226000000000000000e+03,1.297889999999999894e-03
3.230000000000000000e+03,1.241460000000000003e-03
3.234000000000000000e+03,1.297889999999999894e-03
3.238000000000000000e+03,1.241460000000000003e-03
3.242000000000000000e+03,1.241460000000000003e-03
3.246000000000000000e+03,1.297889999999999894e-03
3.250000000000000000e+03,1.354320000000000003e-03
3.254000000000000000e+03,1.072169999999999894e-03
3.258000000000000000e+03,8.464500000000000019e-04
3.262000000000000000e+03,1.297889999999999894e-03
3.266000000000000000e+03,7.335900000000000016e-04
3.270000000000000000e+03,8.464500000000000019e-04
3.274000000000000000e+03,1.241460000000000003e-03
3.278000000000000000e+03,7.900200000000000018e-04
3.282000000000000000e+03,7.900200000000000018e-04
3.286000000000000000e+03,8.464500000000000019e-04
3.290000000000000000e+03,7.900200000000000018e-04
3.294000000000000000e+03,7.335900000000000016e-04
3.298000000000000000e+03,1.015740000000000002e-03
3.302000000000000000e+03,1.072169999999999894e-03
3.306000000000000000e+03,7.900200000000000018e-04
3.310000000000000000e+03,7.900200000000000018e-04
3.314000000000000000e+03,7.900200000000000018e-04
3.318000000000000000e+03,7.900200000000000018e-04
3.322000000000000000e+03,7.900200000000000018e-04
3.326000000000000000e+03,7.900200000000000018e-04
3.330000000000000000e+03,8.464500000000000019e-04
3.334000000000000000e+03,8.464500000000000019e-04
3.338000000000000000e+03,8.464500000000000019e-04
3.342000000000000000e+03,8.464500000000000019e-04
3.346000000000000000e+03,8.464500000000000019e-04
3.350000000000000000e+03,1.072169999999999894e-03
3.354000000000000000e+03,7.335900000000000016e-04
3.358000000000000000e+03,7.900200000000000018e-04
3.362000000000000000e+03,7.900200000000000018e-04
3.366000000000000000e+03,7.900200000000000018e-04
3.370000000000000000e+03,7.900200000000000018e-04
3.374000000000000000e+03,8.464500000000000019e-04
3.378000000000000000e+03,8.464500000000000019e-04
3.382000000000000000e+03,7.900200000000000018e-04
3.386000000000000000e+03,8.464500000000000019e-04
3.390000000000000000e+03,7.900200000000000018e-04
3.394000000000000000e+03,1.297889999999999894e-03
3.398000000000000000e+03,8.464500000000000019e-04
3.402000000000000000e+03,8.464500000000000019e-04
3.406000000000000000e+03,8.464500000000000019e-04
3.410000000000000000e+03,8.464500000000000019e-04
3.414000000000000000e+03,7.900200000000000018e-04
3.418000000000000000e+03,7.900200000000000018e-04
3.422000000000000000e+03,8.464500000000000019e-04
3.426000000000000000e+03,8.464500000000000019e-04
3.430000000000000000e+03,7.900200000000000018e-04
3.434000000000000000e+03,8.464500000000000019e-04
3.438000000000000000e+03,9.028800000000000020e-04
3.442000000000000000e+03,1.354320000000000003e-03
3.446000000000000000e+03,8.464500000000000019e-04
3.450000000000000000e+03,9.028800000000000020e-04
3.454000000000000000e+03,8.464500000000000019e-04
3.458000000000000000e+03,8.464500000000000019e-04
3.462000000000000000e+03,8.464500000000000019e-04
3.466000000000000000e+03,8.464500000000000019e-04
3.470000000000000000e+03,8.464500000000000019e-04
3.474000000000000000e+03,8.464500000000000019e-04
3.478000000000000000e+03,9.028800000000000020e-04
3.482000000000000000e+03,9.028800000000000020e-04
3.486000000000000000e+03,9.028800000000000020e-04
3.490000000000000000e+03,8.464500000000000019e-04
3.494000000000000000e+03,8.464500000000000019e-04
3.498000000000000000e+03,9.028800000000000020e-04
3.502000000000000000e+03,9.028800000000000020e-04
3.506000000000000000e+03,9.028800000000000020e-04
3.510000000000000000e+03,9.028800000000000020e-04
3.514000000000000000e+03,9.028800000000000020e-04
3.518000000000000000e+03,9.028800000000000020e-04
3.522000000000000000e+03,9.028800000000000020e-04
3.526000000000000000e+03,9.028800000000000020e-04
3.530000000000000000e+03,9.028800000000000020e-04
3.534000000000000000e+03,9.028800000000000020e-04
3.538000000000000000e+03,9.028800000000000020e-04
3.542000000000000000e+03,9.028800000000000020e-04
3.546000000000000000e+03,8.464500000000000019e-04
3.550000000000000000e+03,8.464500000000000019e-04
3.554000000000000000e+03,8.464500000000000019e-04
3.558000000000000000e+03,8.464500000000000019e-04
3.562000000000000000e+03,8.464500000000000019e-04
3.566000000000000000e+03,9.593100000000000021e-04
3.570000000000000000e+03,9.028800000000000020e-04
3.574000000000000000e+03,8.464500000000000019e-04
3.578000000000000000e+03,9.593100000000000021e-04
3.582000000000000000e+03,9.593100000000000021e-04
3.586000000000000000e+03,9.593100000000000021e-04
3.590000000000000000e+03,9.593100000000000021e-04
3.594000000000000000e+03,9.593100000000000021e-04
3.598000000000000000e+03,9.593100000000000021e-04
3.602000000000000000e+03,9.028800000000000020e-04
3.606000000000000000e+03,3.950100000000000009e-04
3.610000000000000000e+03,9.593100000000000021e-04
3.614000000000000000e+03,7.900200000000000018e-04
3.618000000000000000e+03,1.015740000000000002e-03
3.622000000000000000e+03,9.593100000000000021e-04
3.626000000000000000e+03,9.593100000000000021e-04
3.630000000000000000e+03,1.015740000000000002e-03
3.634000000000000000e+03,7.335900000000000016e-04
3.638000000000000000e+03,9.028800000000000020e-04
3.642000000000000000e+03,3.950100000000000009e-04
3.646000000000000000e+03,9.593100000000000021e-04
3.650000000000000000e+03,1.015740000000000002e-03
3.654000000000000000e+03,4.514400000000000010e-04
3.658000000000000000e+03,9.028800000000000020e-04
3.662000000000000000e+03,9.593100000000000021e-04
3.666000000000000000e+03,9.593100000000000021e-04
3.670000000000000000e+03,9.593100000000000021e-04
3.674000000000000000e+03,9.593100000000000021e-04
3.678000000000000000e+03,9.593100000000000021e-04
3.682000000000000000e+03,9.593100000000000021e-04
3.686000000000000000e+03,9.028800000000000020e-04
3.690000000000000000e+03,9.593100000000000021e-04
3.694000000000000000e+03,5.643000000000000013e-04
3.698000000000000000e+03,4.514400000000000010e-04
3.702000000000000000e+03,3.950100000000000009e-04
3.706000000000000000e+03,3.950100000000000009e-04
3.710000000000000000e+03,3.950100000000000009e-04
3.714000000000000000e+03,4.514400000000000010e-04
3.718000000000000000e+03,5.643000000000000013e-04
3.722000000000000000e+03,3.950100000000000009e-04
3.726000000000000000e+03,7.335900000000000016e-04
3.730000000000000000e+03,6.207300000000000014e-04
3.734000000000000000e+03,7.900200000000000018e-04
3.738000000000000000e+03,6.207300000000000014e-04
3.742000000000000000e+03,6.207300000000000014e-04
3.746000000000000000e+03,6.207300000000000014e-04
3.750000000000000000e+03,6.207300000000000014e-04
3.754000000000000000e+03,5.643000000000000013e-04
3.758000000000000000e+03,5.643000000000000013e-04
3.762000000000000000e+03,5.643000000000000013e-04
3.766000000000000000e+03,5.643000000000000013e-04
3.770000000000000000e+03,1.128600000000000003e-03
3.774000000000000000e+03,7.900200000000000018e-04
3.778000000000000000e+03,1.128600000000000003e-03
3.782000000000000000e+03,1.015740000000000002e-03
3.786000000000000000e+03,7.335900000000000016e-04
3.790000000000000000e+03,6.207300000000000014e-04
3.794000000000000000e+03,9.593100000000000021e-04
3.798000000000000000e+03,7.900200000000000018e-04
3.802000000000000000e+03,8.464500000000000019e-04
3.806000000000000000e+03,7.900200000000000018e-04
3.810000000000000000e+03,7.900200000000000018e-04
3.814000000000000000e+03,7.900200000000000018e-04
3.818000000000000000e+03,3.950100000000000009e-04
3.822000000000000000e+03,3.950100000000000009e-04
3.826000000000000000e+03,3.950100000000000009e-04
3.830000000000000000e+03,4.514400000000000010e-04
3.834000000000000000e+03,3.950100000000000009e-04
3.838000000000000000e+03,5.643000000000000013e-04
3.842000000000000000e+03,4.514400000000000010e-04
3.846000000000000000e+03,4.514400000000000010e-04
3.850000000000000000e+03,5.643000000000000013e-04
3.854000000000000000e+03,6.771600000000000015e-04
3.858000000000000000e+03,3.950100000000000009e-04
3.862000000000000000e+03,3.950100000000000009e-04
3.866000000000000000e+03,3.950100000000000009e-04
3.870000000000000000e+03,3.950100000000000009e-04
3.874000000000000000e+03,3.950100000000000009e-04
3.878000000000000000e+03,7.335900000000000016e-04
3.882000000000000000e+03,3.950100000000000009e-04
3.886000000000000000e+03,3.950100000000000009e-04
3.890000000000000000e+03,9.593100000000000021e-04
3.894000000000000000e+03,9.593100000000000021e-04
3.898000000000000000e+03,3.950100000000000009e-04
3.902000000000000000e+03,4.514400000000000010e-04
3.906000000000000000e+03,6.207300000000000014e-04
3.910000000000000000e+03,6.207300000000000014e-04
3.914000000000000000e+03,6.207300000000000014e-04
3.918000000000000000e+03,6.207300000000000014e-04
3.922000000000000000e+03,7.335900000000000016e-04
3.926000000000000000e+03,7.335900000000000016e-04
3.930000000000000000e+03,7.335900000000000016e-04
3.934000000000000000e+03,8.464500000000000019e-04
3.938000000000000000e+03,9.028800000000000020e-04
3.942000000000000000e+03,9.028800000000000020e-04
3.946000000000000000e+03,9.028800000000000020e-04
3.950000000000000000e+03,1.015740000000000002e-03
3.954000000000000000e+03,4.514400000000000010e-04
3.958000000000000000e+03,5.643000000000000013e-04
3.962000000000000000e+03,6.207300000000000014e-04
3.966000000000000000e+03,6.771600000000000015e-04
